0000
0000
0000
0000

Akaike: -15.5804
0000
1000
0000
0000

Akaike: -10.9015
0000
0000
1000
0000

Akaike: -13.5002
0000
1000
1000
0000

Akaike: -8.82135
0000
0000
0000
1000

Akaike: -13.5615
0000
1000
0000
1000

Akaike: -8.88262
0000
0000
1000
1000

Akaike: -11.4813
0000
1000
1000
1000

Akaike: -6.80246
0100
0000
0000
0000

Akaike: -10.8915
0100
0000
1000
0000

Akaike: -8.81134
0100
0000
0000
1000

Akaike: -8.87261
0100
0000
1000
1000

Akaike: -6.79245
0000
0000
0100
0000

Akaike: -12.3565
0000
1000
0100
0000

Akaike: -7.67763
0000
0000
1100
0000

Akaike: -6.43977
0000
1000
1100
0000

Akaike: -1.76088
0000
0000
0100
1000

Akaike: -10.3376
0000
1000
0100
1000

Akaike: -5.65874
0000
0000
1100
1000

Akaike: -4.42087
0000
1000
1100
1000

Akaike: 0.258014
0100
0000
0100
0000

Akaike: -7.66762
0100
0000
1100
0000

Akaike: -1.75087
0100
0000
0100
1000

Akaike: -5.64873
0100
0000
1100
1000

Akaike: 0.268022
0000
0000
0000
0100

Akaike: -13.4429
0000
1000
0000
0100

Akaike: -8.76406
0000
0000
1000
0100

Akaike: -11.3628
0000
1000
1000
0100

Akaike: -6.68389
0000
0000
0000
1100

Akaike: -6.85322
0000
1000
0000
1100

Akaike: -2.17433
0000
0000
1000
1100

Akaike: -4.77305
0000
1000
1000
1100

Akaike: -0.0941686
0100
0000
0000
0100

Akaike: -8.75405
0100
0000
1000
0100

Akaike: -6.67389
0100
0000
0000
1100

Akaike: -2.16432
0100
0000
1000
1100

Akaike: -0.0841602
0000
0000
0100
0100

Akaike: -10.2191
0000
1000
0100
0100

Akaike: -5.54018
0000
0000
1100
0100

Akaike: -4.30231
0000
1000
1100
0100

Akaike: 0.376574
0000
0000
0100
1100

Akaike: -3.62934
0000
1000
0100
1100

Akaike: 1.04955
0000
0000
1100
1100

Akaike: 2.28742
0000
1000
1100
1100

Akaike: 6.9663
0100
0000
0100
0100

Akaike: -5.53017
0100
0000
1100
0100

Akaike: 0.386583
0100
0000
0100
1100

Akaike: 1.05956
0100
0000
1100
1100

Akaike: 6.97631
0010
0000
0000
0000

Akaike: -13.5022
0010
1000
0000
0000

Akaike: -8.82329
0010
0000
0000
1000

Akaike: -11.4833
0010
1000
0000
1000

Akaike: -6.8044
0110
0000
0000
0000

Akaike: -4.75578
0110
0000
0000
1000

Akaike: -2.73688
0010
0000
0100
0000

Akaike: -10.2783
0010
0000
0100
1000

Akaike: -8.2594
0110
0000
0100
0000

Akaike: -1.5319
0110
0000
0100
1000

Akaike: 0.487
0010
0000
0000
0100

Akaike: -11.3647
0010
1000
0000
0100

Akaike: -6.68584
0010
0000
0000
1100

Akaike: -4.775
0010
1000
0000
1100

Akaike: -0.0961107
0110
0000
0000
0100

Akaike: -2.61832
0110
0000
0000
1100

Akaike: 3.9714
0010
0000
0100
0100

Akaike: -8.14084
0010
0000
0100
1100

Akaike: -1.55111
0110
0000
0100
0100

Akaike: 0.60556
0110
0000
0100
1100

Akaike: 7.19529
0000
0010
0000
0000

Akaike: -12.3633
0000
1010
0000
0000

Akaike: -4.00616
0000
0010
1000
0000

Akaike: -10.2831
0000
1010
1000
0000

Akaike: -1.926
0000
0010
0000
1000

Akaike: -10.3444
0000
1010
0000
1000

Akaike: -1.98727
0000
0010
1000
1000

Akaike: -8.26419
0000
1010
1000
1000

Akaike: 0.0928967
0100
0010
0000
0000

Akaike: -7.67436
0100
0010
0000
1000

Akaike: -5.65546
0000
0010
0000
0100

Akaike: -10.2258
0000
1010
0000
0100

Akaike: -1.86871
0000
0010
1000
0100

Akaike: -8.14563
0000
1010
1000
0100

Akaike: 0.211457
0000
0010
0000
1100

Akaike: -3.63607
0000
1010
0000
1100

Akaike: 4.72102
0000
0010
1000
1100

Akaike: -1.5559
0000
1010
1000
1100

Akaike: 6.80118
0100
0010
0000
0100

Akaike: -5.5369
0100
0010
0000
1100

Akaike: 1.05282
0010
0010
0000
0000

Akaike: -10.285
0010
1010
0000
0000

Akaike: -1.92794
0010
0010
0000
1000

Akaike: -8.26613
0010
1010
0000
1000

Akaike: 0.0909546
0110
0010
0000
0000

Akaike: -1.53863
0110
0010
0000
1000

Akaike: 0.480267
0010
0010
0000
0100

Akaike: -8.14757
0010
1010
0000
0100

Akaike: 0.209515
0010
0010
0000
1100

Akaike: -1.55785
0010
1010
0000
1100

Akaike: 6.79924
0110
0010
0000
0100

Akaike: 0.598827
0110
0010
0000
1100

Akaike: 7.18855
0000
0000
0000
0010

Akaike: -14.5825
0000
1000
0000
0010

Akaike: -9.90364
0000
0000
1000
0010

Akaike: -12.5024
0000
1000
1000
0010

Akaike: -7.82347
0000
0000
0000
1010

Akaike: -10.5188
0000
1000
0000
1010

Akaike: -5.83988
0000
0000
1000
1010

Akaike: -8.4386
0000
1000
1000
1010

Akaike: -3.75971
0100
0000
0000
0010

Akaike: -9.89363
0100
0000
1000
0010

Akaike: -7.81347
0100
0000
0000
1010

Akaike: -5.82987
0100
0000
1000
1010

Akaike: -3.74971
0000
0000
0100
0010

Akaike: -11.3586
0000
1000
0100
0010

Akaike: -6.67976
0000
0000
1100
0010

Akaike: -5.44189
0000
1000
1100
0010

Akaike: -0.763006
0000
0000
0100
1010

Akaike: -7.29488
0000
1000
0100
1010

Akaike: -2.616
0000
0000
1100
1010

Akaike: -1.37813
0000
1000
1100
1010

Akaike: 3.30075
0100
0000
0100
0010

Akaike: -6.66975
0100
0000
1100
0010

Akaike: -0.752997
0100
0000
0100
1010

Akaike: -2.60599
0100
0000
1100
1010

Akaike: 3.31076
0000
0000
0000
0110

Akaike: -10.4553
0000
1000
0000
0110

Akaike: -5.77639
0000
0000
1000
0110

Akaike: -8.37511
0000
1000
1000
0110

Akaike: -3.69623
0000
0000
0000
1110

Akaike: 2.35784
0000
1000
0000
1110

Akaike: 7.03673
0000
0000
1000
1110

Akaike: 4.43801
0000
1000
1000
1110

Akaike: 9.11689
0100
0000
0000
0110

Akaike: -5.76638
0100
0000
1000
0110

Akaike: -3.68622
0100
0000
0000
1110

Akaike: 7.04673
0100
0000
1000
1110

Akaike: 9.1269
0000
0000
0100
0110

Akaike: -7.2314
0000
1000
0100
0110

Akaike: -2.55251
0000
0000
1100
0110

Akaike: -1.31464
0000
1000
1100
0110

Akaike: 3.36424
0000
0000
0100
1110

Akaike: 5.58172
0000
1000
0100
1110

Akaike: 10.2606
0000
0000
1100
1110

Akaike: 11.4985
0000
1000
1100
1110

Akaike: 16.1774
0100
0000
0100
0110

Akaike: -2.5425
0100
0000
1100
0110

Akaike: 3.37425
0100
0000
0100
1110

Akaike: 10.2706
0100
0000
1100
1110

Akaike: 16.1874
0010
0000
0000
0010

Akaike: -12.5043
0010
1000
0000
0010

Akaike: -7.82542
0010
0000
0000
1010

Akaike: -8.44054
0010
1000
0000
1010

Akaike: -3.76166
0110
0000
0000
0010

Akaike: -3.7579
0110
0000
0000
1010

Akaike: 0.305858
0010
0000
0100
0010

Akaike: -9.28042
0010
0000
0100
1010

Akaike: -5.21666
0110
0000
0100
0010

Akaike: -0.53402
0110
0000
0100
1010

Akaike: 3.52974
0010
0000
0000
0110

Akaike: -8.37706
0010
1000
0000
0110

Akaike: -3.69817
0010
0000
0000
1110

Akaike: 4.43606
0010
1000
0000
1110

Akaike: 9.11495
0110
0000
0000
0110

Akaike: 0.369344
0110
0000
0000
1110

Akaike: 13.1825
0010
0000
0100
0110

Akaike: -5.15317
0010
0000
0100
1110

Akaike: 7.65995
0110
0000
0100
0110

Akaike: 3.59323
0110
0000
0100
1110

Akaike: 16.4063
0000
0010
0000
0010

Akaike: -11.3654
0000
1010
0000
0010

Akaike: -3.00829
0000
0010
1000
0010

Akaike: -9.28521
0000
1010
1000
0010

Akaike: -0.928123
0000
0010
0000
1010

Akaike: -7.30161
0000
1010
0000
1010

Akaike: 1.05547
0000
0010
1000
1010

Akaike: -5.22145
0000
1010
1000
1010

Akaike: 3.13564
0100
0010
0000
0010

Akaike: -6.67648
0100
0010
0000
1010

Akaike: -2.61272
0000
0010
0000
0110

Akaike: -7.23813
0000
1010
0000
0110

Akaike: 1.11896
0000
0010
1000
0110

Akaike: -5.15796
0000
1010
1000
0110

Akaike: 3.19912
0000
0010
0000
1110

Akaike: 5.57499
0000
1010
0000
1110

Akaike: 13.9321
0000
0010
1000
1110

Akaike: 7.65515
0000
1010
1000
1110

Akaike: 16.0122
0100
0010
0000
0110

Akaike: -2.54924
0100
0010
0000
1110

Akaike: 10.2639
0010
0010
0000
0010

Akaike: -9.28715
0010
1010
0000
0010

Akaike: -0.930065
0010
0010
0000
1010

Akaike: -5.22339
0010
1010
0000
1010

Akaike: 3.1337
0110
0010
0000
0010

Akaike: -0.540753
0110
0010
0000
1010

Akaike: 3.52301
0010
0010
0000
0110

Akaike: -5.15991
0010
1010
0000
0110

Akaike: 3.19718
0010
0010
0000
1110

Akaike: 7.65321
0010
1010
0000
1110

Akaike: 16.0103
0110
0010
0000
0110

Akaike: 3.58649
0110
0010
0000
1110

Akaike: 16.3996
0001
0000
0000
0000

Akaike: -13.5588
0001
1000
0000
0000

Akaike: -8.87989
0001
0000
1000
0000

Akaike: -11.4786
0001
1000
1000
0000

Akaike: -6.79973
0101
0000
0000
0000

Akaike: -4.41402
0101
0000
1000
0000

Akaike: -2.33386
0001
0000
0100
0000

Akaike: -10.3349
0001
1000
0100
0000

Akaike: -5.65601
0001
0000
1100
0000

Akaike: -4.41814
0001
1000
1100
0000

Akaike: 0.260744
0101
0000
0100
0000

Akaike: -1.19014
0101
0000
1100
0000

Akaike: 4.72661
0001
0000
0000
0100

Akaike: -11.4213
0001
0000
1000
0100

Akaike: -9.34115
0101
0000
0000
0100

Akaike: -2.27657
0101
0000
1000
0100

Akaike: -0.196403
0001
0000
0100
0100

Akaike: -8.19744
0001
0000
1100
0100

Akaike: -2.28068
0101
0000
0100
0100

Akaike: 0.947315
0101
0000
1100
0100

Akaike: 6.86407
0011
0000
0000
0000

Akaike: -9.44241
0011
1000
0000
0000

Akaike: -4.76353
0111
0000
0000
0000

Akaike: 7.88497
0011
0000
0100
0000

Akaike: -6.21853
0111
0000
0100
0000

Akaike: 11.1089
0011
0000
0000
0100

Akaike: -7.30496
0111
0000
0000
0100

Akaike: 10.0224
0011
0000
0100
0100

Akaike: -4.08108
0111
0000
0100
0100

Akaike: 13.2463
0001
0010
0000
0000

Akaike: -10.3416
0001
1010
0000
0000

Akaike: -1.98454
0001
0010
1000
0000

Akaike: -8.26146
0001
1010
1000
0000

Akaike: 0.0956265
0101
0010
0000
0000

Akaike: -1.19688
0001
0010
0000
0100

Akaike: -8.20417
0101
0010
0000
0100

Akaike: 0.940581
0011
0010
0000
0000

Akaike: -6.22527
0011
1010
0000
0000

Akaike: 2.13182
0111
0010
0000
0000

Akaike: 11.1021
0011
0010
0000
0100

Akaike: -4.08781
0111
0010
0000
0100

Akaike: 13.2396
0001
0000
0000
0010

Akaike: -12.5609
0001
1000
0000
0010

Akaike: -7.88201
0101
0000
0000
0010

Akaike: -3.41615
0001
0000
0100
0010

Akaike: -9.33702
0101
0000
0100
0010

Akaike: -0.192265
0001
0000
0000
0110

Akaike: -8.43365
0101
0000
0000
0110

Akaike: 0.711098
0001
0000
0100
0110

Akaike: -5.20977
0101
0000
0100
0110

Akaike: 3.93498
0011
0000
0000
0010

Akaike: -8.44454
0011
1000
0000
0010

Akaike: -3.76565
0111
0000
0000
0010

Akaike: 8.88285
0011
0000
0100
0010

Akaike: -5.22066
0111
0000
0100
0010

Akaike: 12.1067
0011
0000
0000
0110

Akaike: -4.31729
0111
0000
0000
0110

Akaike: 13.0101
0011
0000
0100
0110

Akaike: -1.09341
0111
0000
0100
0110

Akaike: 16.234
0001
0010
0000
0010

Akaike: -9.34375
0001
1010
0000
0010

Akaike: -0.986662
0101
0010
0000
0010

Akaike: -0.198999
0001
0010
0000
0110

Akaike: -5.2165
0101
0010
0000
0110

Akaike: 3.92825
0011
0010
0000
0010

Akaike: -5.22739
0011
1010
0000
0010

Akaike: 3.1297
0111
0010
0000
0010

Akaike: 12.1
0011
0010
0000
0110

Akaike: -1.10014
0111
0010
0000
0110

Akaike: 16.2272
0000
0001
0000
0000

Akaike: -13.445
0000
1001
0000
0000

Akaike: -4.35835
0000
0001
1000
0000

Akaike: -11.3648
0000
1001
1000
0000

Akaike: -2.27818
0000
0001
0000
1000

Akaike: -11.4261
0000
1001
0000
1000

Akaike: -2.33945
0000
0001
1000
1000

Akaike: -9.34594
0000
1001
1000
1000

Akaike: -0.259286
0100
0001
0000
0000

Akaike: -8.75611
0100
0001
1000
0000

Akaike: -6.67595
0000
0001
0100
0000

Akaike: -10.2211
0000
1001
0100
0000

Akaike: -1.13446
0000
0001
1100
0000

Akaike: -4.30437
0000
1001
1100
0000

Akaike: 4.78229
0000
0001
0100
1000

Akaike: -8.20223
0000
1001
0100
1000

Akaike: 0.884432
0000
0001
1100
1000

Akaike: -2.28548
0000
1001
1100
1000

Akaike: 6.80118
0100
0001
0100
0000

Akaike: -5.53223
0100
0001
1100
0000

Akaike: 0.384521
0010
0001
0000
0000

Akaike: -11.3668
0010
1001
0000
0000

Akaike: -2.28012
0010
0001
0000
1000

Akaike: -9.34789
0010
1001
0000
1000

Akaike: -0.261228
0110
0001
0000
0000

Akaike: -2.62038
0010
0001
0100
0000

Akaike: -8.1429
0110
0001
0100
0000

Akaike: 0.603499
0000
0011
0000
0000

Akaike: -8.47082
0000
1011
0000
0000

Akaike: 8.38148
0000
0011
1000
0000

Akaike: -6.39066
0000
1011
1000
0000

Akaike: 10.4616
0000
0011
0000
1000

Akaike: -6.45193
0000
1011
0000
1000

Akaike: 10.4004
0000
0011
1000
1000

Akaike: -4.37176
0000
1011
1000
1000

Akaike: 12.4805
0100
0011
0000
0000

Akaike: -3.78193
0010
0011
0000
0000

Akaike: -6.3926
0010
1011
0000
0000

Akaike: 10.4597
0010
0011
0000
1000

Akaike: -4.3737
0010
1011
0000
1000

Akaike: 12.4786
0110
0011
0000
0000

Akaike: 2.3538
0000
0001
0000
0010

Akaike: -12.4471
0000
1001
0000
0010

Akaike: -3.36047
0000
0001
1000
0010

Akaike: -10.367
0000
1001
1000
0010

Akaike: -1.28031
0000
0001
0000
1010

Akaike: -8.38337
0000
1001
0000
1010

Akaike: 0.70329
0000
0001
1000
1010

Akaike: -6.3032
0000
1001
1000
1010

Akaike: 2.78345
0100
0001
0000
0010

Akaike: -7.75824
0010
0001
0000
0010

Akaike: -10.3689
0010
1001
0000
0010

Akaike: -1.28225
0010
0001
0000
1010

Akaike: -6.30515
0010
1001
0000
1010

Akaike: 2.78151
0110
0001
0000
0010

Akaike: -1.62251
0000
0011
0000
0010

Akaike: -7.47295
0000
1011
0000
0010

Akaike: 9.37935
0000
0011
1000
0010

Akaike: -5.39278
0000
1011
1000
0010

Akaike: 11.4595
0000
0011
0000
1010

Akaike: -3.40919
0000
1011
0000
1010

Akaike: 13.4431
0000
0011
1000
1010

Akaike: -1.32902
0000
1011
1000
1010

Akaike: 15.5233
0100
0011
0000
0010

Akaike: -2.78405
0010
0011
0000
0010

Akaike: -5.39472
0010
1011
0000
0010

Akaike: 11.4576
0010
0011
0000
1010

Akaike: -1.33096
0010
1011
0000
1010

Akaike: 15.5213
0110
0011
0000
0010

Akaike: 3.35168
0001
0001
0000
0000

Akaike: -11.4234
0001
1001
0000
0000

Akaike: -2.33672
0001
0001
1000
0000

Akaike: -9.34322
0001
1001
1000
0000

Akaike: -0.256556
0101
0001
0000
0000

Akaike: -2.27863
0101
0001
1000
0000

Akaike: -0.198465
0001
0001
0100
0000

Akaike: -8.1995
0001
1001
0100
0000

Akaike: 0.887162
0001
0001
1100
0000

Akaike: -2.28275
0001
1001
1100
0000

Akaike: 6.80391
0101
0001
0100
0000

Akaike: 0.945253
0101
0001
1100
0000

Akaike: 6.862
0011
0001
0000
0000

Akaike: -7.30702
0011
1001
0000
0000

Akaike: 1.77964
0111
0001
0000
0000

Akaike: 10.0204
0011
0001
0100
0000

Akaike: -4.08314
0111
0001
0100
0000

Akaike: 13.2442
0001
0011
0000
0000

Akaike: -6.4492
0001
1011
0000
0000

Akaike: 10.4031
0001
0011
1000
0000

Akaike: -4.36903
0001
1011
1000
0000

Akaike: 12.4833
0101
0011
0000
0000

Akaike: 2.69555
0011
0011
0000
0000

Akaike: -2.33284
0011
1011
0000
0000

Akaike: 14.5195
0111
0011
0000
0000

Akaike: 14.9945
0001
0001
0000
0010

Akaike: -10.4255
0001
1001
0000
0010

Akaike: -1.33884
0101
0001
0000
0010

Akaike: -1.28075
0011
0001
0000
0010

Akaike: -6.30914
0011
1001
0000
0010

Akaike: 2.77752
0111
0001
0000
0010

Akaike: 11.0182
0001
0011
0000
0010

Akaike: -5.45132
0001
1011
0000
0010

Akaike: 11.401
0101
0011
0000
0010

Akaike: 3.69343
0011
0011
0000
0010

Akaike: -1.33496
0011
1011
0000
0010

Akaike: 15.5173
0111
0011
0000
0010

Akaike: 15.9924
0000
0000
0001
0000

Akaike: -14.5804
0000
1000
0001
0000

Akaike: -9.90152
0000
0000
1001
0000

Akaike: -10.4575
0000
1000
1001
0000

Akaike: -5.77861
0000
0000
0001
1000

Akaike: -12.5615
0000
1000
0001
1000

Akaike: -7.88262
0000
0000
1001
1000

Akaike: -8.4386
0000
1000
1001
1000

Akaike: -3.75971
0100
0000
0001
0000

Akaike: -9.89151
0100
0000
1001
0000

Akaike: -5.7686
0100
0000
0001
1000

Akaike: -7.87261
0100
0000
1001
1000

Akaike: -3.74971
0000
0000
0101
0000

Akaike: -9.56674
0000
1000
0101
0000

Akaike: -4.88785
0000
0000
1101
0000

Akaike: 2.66899
0000
1000
1101
0000

Akaike: 7.34787
0000
0000
0101
1000

Akaike: -7.54784
0000
1000
0101
1000

Akaike: -2.86896
0000
0000
1101
1000

Akaike: 4.68788
0000
1000
1101
1000

Akaike: 9.36677
0100
0000
0101
0000

Akaike: -4.87785
0100
0000
1101
0000

Akaike: 7.35788
0100
0000
0101
1000

Akaike: -2.85895
0100
0000
1101
1000

Akaike: 9.37678
0000
0000
0001
0100

Akaike: -12.4429
0000
1000
0001
0100

Akaike: -7.76406
0000
0000
1001
0100

Akaike: -8.32004
0000
1000
1001
0100

Akaike: -3.64115
0000
0000
0001
1100

Akaike: -5.85322
0000
1000
0001
1100

Akaike: -1.17433
0000
0000
1001
1100

Akaike: -1.73031
0000
1000
1001
1100

Akaike: 2.94857
0100
0000
0001
0100

Akaike: -7.75405
0100
0000
1001
0100

Akaike: -3.63115
0100
0000
0001
1100

Akaike: -1.16432
0100
0000
1001
1100

Akaike: 2.95858
0000
0000
0101
0100

Akaike: -7.42928
0000
1000
0101
0100

Akaike: -2.7504
0000
0000
1101
0100

Akaike: 4.80644
0000
1000
1101
0100

Akaike: 9.48533
0000
0000
0101
1100

Akaike: -0.839556
0000
1000
0101
1100

Akaike: 3.83933
0000
0000
1101
1100

Akaike: 11.3962
0000
1000
1101
1100

Akaike: 16.0751
0100
0000
0101
0100

Akaike: -2.74039
0100
0000
1101
0100

Akaike: 9.49534
0100
0000
0101
1100

Akaike: 3.84934
0100
0000
1101
1100

Akaike: 16.0851
0010
0000
0001
0000

Akaike: -12.5022
0010
1000
0001
0000

Akaike: -7.82329
0110
0000
0001
0000

Akaike: -3.75578
0010
0000
0101
0000

Akaike: -7.48852
0110
0000
0101
0000

Akaike: 1.25788
0010
0000
0001
0100

Akaike: -10.3647
0110
0000
0001
0100

Akaike: -1.61832
0010
0000
0101
0100

Akaike: -5.35106
0110
0000
0101
0100

Akaike: 3.39534
0000
0010
0001
0000

Akaike: -11.3633
0000
1010
0001
0000

Akaike: -3.00616
0000
0010
1001
0000

Akaike: -7.24035
0000
1010
1001
0000

Akaike: 1.11674
0000
0010
0001
1000

Akaike: -9.34436
0000
1010
0001
1000

Akaike: -0.987268
0000
0010
1001
1000

Akaike: -5.22145
0000
1010
1001
1000

Akaike: 3.13564
0100
0010
0001
0000

Akaike: -6.67436
0010
0010
0001
0000

Akaike: -9.28503
0010
1010
0001
0000

Akaike: -0.927941
0110
0010
0001
0000

Akaike: -0.538629
0001
0000
0001
0000

Akaike: -12.5588
0001
1000
0001
0000

Akaike: -7.87989
0001
0000
1001
0000

Akaike: -8.43587
0001
1000
1001
0000

Akaike: -3.75699
0101
0000
0001
0000

Akaike: -3.41402
0101
0000
1001
0000

Akaike: 0.708881
0001
0000
0101
0000

Akaike: -7.54511
0001
1000
0101
0000

Akaike: -2.86623
0001
0000
1101
0000

Akaike: 4.69061
0001
1000
1101
0000

Akaike: 9.3695
0101
0000
0101
0000

Akaike: 1.59964
0101
0000
1101
0000

Akaike: 13.8354
0001
0000
0001
0100

Akaike: -10.4213
0001
0000
1001
0100

Akaike: -6.29841
0101
0000
0001
0100

Akaike: -1.27657
0101
0000
1001
0100

Akaike: 2.84634
0001
0000
0101
0100

Akaike: -5.40766
0001
0000
1101
0100

Akaike: 6.82807
0101
0000
0101
0100

Akaike: 3.73709
0101
0000
1101
0100

Akaike: 15.9728
0011
0000
0001
0000

Akaike: -8.44241
0011
1000
0001
0000

Akaike: -3.76353
0111
0000
0001
0000

Akaike: 8.88497
0011
0000
0101
0000

Akaike: -3.42875
0111
0000
0101
0000

Akaike: 13.8986
0011
0000
0001
0100

Akaike: -6.30496
0111
0000
0001
0100

Akaike: 11.0224
0011
0000
0101
0100

Akaike: -1.2913
0111
0000
0101
0100

Akaike: 16.0361
0001
0010
0001
0000

Akaike: -9.34163
0001
1010
0001
0000

Akaike: -0.984538
0001
0010
1001
0000

Akaike: -5.21872
0001
1010
1001
0000

Akaike: 3.13837
0101
0010
0001
0000

Akaike: -0.196875
0011
0010
0001
0000

Akaike: -5.22527
0011
1010
0001
0000

Akaike: 3.13182
0111
0010
0001
0000

Akaike: 12.1021
0000
0001
0001
0000

Akaike: -12.445
0000
1001
0001
0000

Akaike: -3.35835
0000
0001
1001
0000

Akaike: -8.3221
0000
1001
1001
0000

Akaike: 0.764559
0000
0001
0001
1000

Akaike: -10.4261
0000
1001
0001
1000

Akaike: -1.33945
0000
0001
1001
1000

Akaike: -6.3032
0000
1001
1001
1000

Akaike: 2.78345
0100
0001
0001
0000

Akaike: -7.75611
0100
0001
1001
0000

Akaike: -3.63321
0000
0001
0101
0000

Akaike: -7.43134
0000
1001
0101
0000

Akaike: 1.65531
0000
0001
1101
0000

Akaike: 4.80438
0000
1001
1101
0000

Akaike: 13.891
0000
0001
0101
1000

Akaike: -5.41245
0000
1001
0101
1000

Akaike: 3.67421
0000
0001
1101
1000

Akaike: 6.82328
0000
1001
1101
1000

Akaike: 15.9099
0100
0001
0101
0000

Akaike: -2.74245
0100
0001
1101
0000

Akaike: 9.49328
0010
0001
0001
0000

Akaike: -10.3668
0010
1001
0001
0000

Akaike: -1.28012
0110
0001
0001
0000

Akaike: -1.62038
0010
0001
0101
0000

Akaike: -5.35312
0110
0001
0101
0000

Akaike: 3.39328
0000
0011
0001
0000

Akaike: -7.47082
0000
1011
0001
0000

Akaike: 9.38148
0000
0011
1001
0000

Akaike: -3.34792
0000
1011
1001
0000

Akaike: 13.5044
0000
0011
0001
1000

Akaike: -5.45193
0000
1011
0001
1000

Akaike: 11.4004
0000
0011
1001
1000

Akaike: -1.32902
0000
1011
1001
1000

Akaike: 15.5233
0100
0011
0001
0000

Akaike: -2.78193
0010
0011
0001
0000

Akaike: -5.3926
0010
1011
0001
0000

Akaike: 11.4597
0110
0011
0001
0000

Akaike: 3.3538
0001
0001
0001
0000

Akaike: -10.4234
0001
1001
0001
0000

Akaike: -1.33672
0001
0001
1001
0000

Akaike: -6.30047
0001
1001
1001
0000

Akaike: 2.78618
0101
0001
0001
0000

Akaike: -1.27863
0101
0001
1001
0000

Akaike: 2.84428
0001
0001
0101
0000

Akaike: -5.40972
0001
1001
0101
0000

Akaike: 3.67694
0001
0001
1101
0000

Akaike: 6.82601
0001
1001
1101
0000

Akaike: 15.9127
0101
0001
0101
0000

Akaike: 3.73503
0101
0001
1101
0000

Akaike: 15.9708
0011
0001
0001
0000

Akaike: -6.30702
0011
1001
0001
0000

Akaike: 2.77964
0111
0001
0001
0000

Akaike: 11.0204
0011
0001
0101
0000

Akaike: -1.29336
0111
0001
0101
0000

Akaike: 16.034
0001
0011
0001
0000

Akaike: -5.4492
0001
1011
0001
0000

Akaike: 11.4031
0001
0011
1001
0000

Akaike: -1.32629
0001
1011
1001
0000

Akaike: 15.526
0101
0011
0001
0000

Akaike: 3.69555
0011
0011
0001
0000

Akaike: -1.33284
0011
1011
0001
0000

Akaike: 15.5195
0111
0011
0001
0000

Akaike: 15.9945
