0000
0000
0000
0000

MDL: -10.1583
0000
1000
0000
0000

MDL: -1.86474
0000
0000
1000
0000

MDL: -6.27082
0000
1000
1000
0000

MDL: 2.02278
0000
0000
0000
1000

MDL: -6.33208
0000
1000
0000
1000

MDL: 1.96151
0000
0000
1000
1000

MDL: -2.44457
0000
1000
1000
1000

MDL: 5.84903
0100
0000
0000
0000

MDL: -1.85473
0100
0000
1000
0000

MDL: 2.03279
0100
0000
0000
1000

MDL: 1.97152
0100
0000
1000
1000

MDL: 5.85904
0000
0000
0100
0000

MDL: -5.1271
0000
1000
0100
0000

MDL: 3.1665
0000
0000
1100
0000

MDL: 6.21172
0000
1000
1100
0000

MDL: 14.5053
0000
0000
0100
1000

MDL: -1.30085
0000
1000
0100
1000

MDL: 6.99275
0000
0000
1100
1000

MDL: 10.038
0000
1000
1100
1000

MDL: 18.3316
0100
0000
0100
0000

MDL: 3.1765
0100
0000
1100
0000

MDL: 14.5153
0100
0000
0100
1000

MDL: 7.00276
0100
0000
1100
1000

MDL: 18.3416
0000
0000
0000
0100

MDL: -6.21352
0000
1000
0000
0100

MDL: 2.08007
0000
0000
1000
0100

MDL: -2.326
0000
1000
1000
0100

MDL: 5.96759
0000
0000
0000
1100

MDL: 5.79827
0000
1000
0000
1100

MDL: 14.0919
0000
0000
1000
1100

MDL: 9.68579
0000
1000
1000
1100

MDL: 17.9794
0100
0000
0000
0100

MDL: 2.09008
0100
0000
1000
0100

MDL: 5.9776
0100
0000
0000
1100

MDL: 14.1019
0100
0000
1000
1100

MDL: 17.9894
0000
0000
0100
0100

MDL: -1.18229
0000
1000
0100
0100

MDL: 7.11131
0000
0000
1100
0100

MDL: 10.1565
0000
1000
1100
0100

MDL: 18.4501
0000
0000
0100
1100

MDL: 10.8295
0000
1000
0100
1100

MDL: 19.1231
0000
0000
1100
1100

MDL: 22.1683
0000
1000
1100
1100

MDL: 30.4619
0100
0000
0100
0100

MDL: 7.12132
0100
0000
1100
0100

MDL: 18.4601
0100
0000
0100
1100

MDL: 19.1331
0100
0000
1100
1100

MDL: 30.4719
0010
0000
0000
0000

MDL: -6.27276
0010
1000
0000
0000

MDL: 2.02084
0010
0000
0000
1000

MDL: -2.44651
0010
1000
0000
1000

MDL: 5.84709
0110
0000
0000
0000

MDL: 9.70306
0110
0000
0000
1000

MDL: 13.5293
0010
0000
0100
0000

MDL: -1.24152
0010
0000
0100
1000

MDL: 2.58473
0110
0000
0100
0000

MDL: 14.7343
0110
0000
0100
1000

MDL: 18.5605
0010
0000
0000
0100

MDL: -2.32795
0010
1000
0000
0100

MDL: 5.96565
0010
0000
0000
1100

MDL: 9.68384
0010
1000
0000
1100

MDL: 17.9774
0110
0000
0000
0100

MDL: 13.6479
0110
0000
0000
1100

MDL: 25.6597
0010
0000
0100
0100

MDL: 2.70329
0010
0000
0100
1100

MDL: 14.7151
0110
0000
0100
0100

MDL: 18.6791
0110
0000
0100
1100

MDL: 30.6909
0000
0010
0000
0000

MDL: -5.13383
0000
1010
0000
0000

MDL: 10.4527
0000
0010
1000
0000

MDL: -1.24631
0000
1010
1000
0000

MDL: 14.3402
0000
0010
0000
1000

MDL: -1.30758
0000
1010
0000
1000

MDL: 14.2789
0000
0010
1000
1000

MDL: 2.57994
0000
1010
1000
1000

MDL: 18.1664
0100
0010
0000
0000

MDL: 3.16977
0100
0010
0000
1000

MDL: 6.99602
0000
0010
0000
0100

MDL: -1.18902
0000
1010
0000
0100

MDL: 14.3975
0000
0010
1000
0100

MDL: 2.6985
0000
1010
1000
0100

MDL: 18.285
0000
0010
0000
1100

MDL: 10.8228
0000
1010
0000
1100

MDL: 26.4093
0000
0010
1000
1100

MDL: 14.7103
0000
1010
1000
1100

MDL: 30.2968
0100
0010
0000
0100

MDL: 7.11458
0100
0010
0000
1100

MDL: 19.1264
0010
0010
0000
0000

MDL: -1.24825
0010
1010
0000
0000

MDL: 14.3383
0010
0010
0000
1000

MDL: 2.578
0010
1010
0000
1000

MDL: 18.1645
0110
0010
0000
0000

MDL: 14.7276
0110
0010
0000
1000

MDL: 18.5538
0010
0010
0000
0100

MDL: 2.69656
0010
1010
0000
0100

MDL: 18.2831
0010
0010
0000
1100

MDL: 14.7083
0010
1010
0000
1100

MDL: 30.2949
0110
0010
0000
0100

MDL: 18.6724
0110
0010
0000
1100

MDL: 30.6842
0000
0000
0000
0010

MDL: -8.25678
0000
1000
0000
0010

MDL: 0.0368126
0000
0000
1000
0010

MDL: -4.36926
0000
1000
1000
0010

MDL: 3.92433
0000
0000
0000
1010

MDL: -0.578312
0000
1000
0000
1010

MDL: 7.71528
0000
0000
1000
1010

MDL: 3.30921
0000
1000
1000
1010

MDL: 11.6028
0100
0000
0000
0010

MDL: 0.046821
0100
0000
1000
0010

MDL: 3.93434
0100
0000
0000
1010

MDL: 7.72529
0100
0000
1000
1010

MDL: 11.6128
0000
0000
0100
0010

MDL: -3.22554
0000
1000
0100
0010

MDL: 5.06805
0000
0000
1100
0010

MDL: 8.11327
0000
1000
1100
0010

MDL: 16.4069
0000
0000
0100
1010

MDL: 4.45293
0000
1000
0100
1010

MDL: 12.7465
0000
0000
1100
1010

MDL: 15.7917
0000
1000
1100
1010

MDL: 24.0853
0100
0000
0100
0010

MDL: 5.07806
0100
0000
1100
0010

MDL: 16.4169
0100
0000
0100
1010

MDL: 12.7565
0100
0000
1100
1010

MDL: 24.0953
0000
0000
0000
0110

MDL: -0.514826
0000
1000
0000
0110

MDL: 7.77877
0000
0000
1000
0110

MDL: 3.37269
0000
1000
1000
0110

MDL: 11.6663
0000
0000
0000
1110

MDL: 23.1424
0000
1000
0000
1110

MDL: 31.436
0000
0000
1000
1110

MDL: 27.0299
0000
1000
1000
1110

MDL: 35.3235
0100
0000
0000
0110

MDL: 7.78878
0100
0000
1000
0110

MDL: 11.6763
0100
0000
0000
1110

MDL: 31.446
0100
0000
1000
1110

MDL: 35.3335
0000
0000
0100
0110

MDL: 4.51641
0000
1000
0100
0110

MDL: 12.81
0000
0000
1100
0110

MDL: 15.8552
0000
1000
1100
0110

MDL: 24.1488
0000
0000
0100
1110

MDL: 28.1737
0000
1000
0100
1110

MDL: 36.4673
0000
0000
1100
1110

MDL: 39.5125
0000
1000
1100
1110

MDL: 47.8061
0100
0000
0100
0110

MDL: 12.82
0100
0000
1100
0110

MDL: 24.1588
0100
0000
0100
1110

MDL: 36.4773
0100
0000
1100
1110

MDL: 47.8161
0010
0000
0000
0010

MDL: -4.3712
0010
1000
0000
0010

MDL: 3.92239
0010
0000
0000
1010

MDL: 3.30727
0010
1000
0000
1010

MDL: 11.6009
0110
0000
0000
0010

MDL: 11.6046
0110
0000
0000
1010

MDL: 19.2831
0010
0000
0100
0010

MDL: 0.660033
0010
0000
0100
1010

MDL: 8.3385
0110
0000
0100
0010

MDL: 16.6359
0110
0000
0100
1010

MDL: 24.3143
0010
0000
0000
0110

MDL: 3.37075
0010
1000
0000
0110

MDL: 11.6643
0010
0000
0000
1110

MDL: 27.028
0010
1000
0000
1110

MDL: 35.3216
0110
0000
0000
0110

MDL: 19.3466
0110
0000
0000
1110

MDL: 43.0038
0010
0000
0100
0110

MDL: 8.40199
0010
0000
0100
1110

MDL: 32.0592
0110
0000
0100
0110

MDL: 24.3778
0110
0000
0100
1110

MDL: 48.0351
0000
0010
0000
0010

MDL: -3.23228
0000
1010
0000
0010

MDL: 12.3542
0000
0010
1000
0010

MDL: 0.655242
0000
1010
1000
0010

MDL: 16.2417
0000
0010
0000
1010

MDL: 4.44619
0000
1010
0000
1010

MDL: 20.0327
0000
0010
1000
1010

MDL: 8.33371
0000
1010
1000
1010

MDL: 23.9202
0100
0010
0000
0010

MDL: 5.07133
0100
0010
0000
1010

MDL: 12.7498
0000
0010
0000
0110

MDL: 4.50968
0000
1010
0000
0110

MDL: 20.0962
0000
0010
1000
0110

MDL: 8.3972
0000
1010
1000
0110

MDL: 23.9837
0000
0010
0000
1110

MDL: 28.1669
0000
1010
0000
1110

MDL: 43.7534
0000
0010
1000
1110

MDL: 32.0544
0000
1010
1000
1110

MDL: 47.641
0100
0010
0000
0110

MDL: 12.8133
0100
0010
0000
1110

MDL: 36.4705
0010
0010
0000
0010

MDL: 0.653299
0010
1010
0000
0010

MDL: 16.2398
0010
0010
0000
1010

MDL: 8.33177
0010
1010
0000
1010

MDL: 23.9183
0110
0010
0000
0010

MDL: 16.6291
0110
0010
0000
1010

MDL: 24.3076
0010
0010
0000
0110

MDL: 8.39526
0010
1010
0000
0110

MDL: 23.9818
0010
0010
0000
1110

MDL: 32.0525
0010
1010
0000
1110

MDL: 47.639
0110
0010
0000
0110

MDL: 24.3711
0110
0010
0000
1110

MDL: 48.0283
0001
0000
0000
0000

MDL: -6.32935
0001
1000
0000
0000

MDL: 1.96424
0001
0000
1000
0000

MDL: -2.44184
0001
1000
1000
0000

MDL: 5.85176
0101
0000
0000
0000

MDL: 10.0448
0101
0000
1000
0000

MDL: 13.9323
0001
0000
0100
0000

MDL: -1.29812
0001
1000
0100
0000

MDL: 6.99548
0001
0000
1100
0000

MDL: 10.0407
0001
1000
1100
0000

MDL: 18.3343
0101
0000
0100
0000

MDL: 15.0761
0101
0000
1100
0000

MDL: 26.4149
0001
0000
0000
0100

MDL: -2.38454
0001
0000
1000
0100

MDL: 1.50298
0101
0000
0000
0100

MDL: 13.9896
0101
0000
1000
0100

MDL: 17.8771
0001
0000
0100
0100

MDL: 2.64669
0001
0000
1100
0100

MDL: 13.9855
0101
0000
0100
0100

MDL: 19.0209
0101
0000
1100
0100

MDL: 30.3597
0011
0000
0000
0000

MDL: 1.40171
0011
1000
0000
0000

MDL: 9.69531
0111
0000
0000
0000

MDL: 33.1879
0011
0000
0100
0000

MDL: 6.43295
0111
0000
0100
0000

MDL: 38.2192
0011
0000
0000
0100

MDL: 5.34653
0111
0000
0000
0100

MDL: 37.1328
0011
0000
0100
0100

MDL: 10.3778
0111
0000
0100
0100

MDL: 42.164
0001
0010
0000
0000

MDL: -1.30485
0001
1010
0000
0000

MDL: 14.2817
0001
0010
1000
0000

MDL: 2.58267
0001
1010
1000
0000

MDL: 18.1692
0101
0010
0000
0000

MDL: 15.0693
0001
0010
0000
0100

MDL: 2.63996
0101
0010
0000
0100

MDL: 19.0141
0011
0010
0000
0000

MDL: 6.42622
0011
1010
0000
0000

MDL: 22.0127
0111
0010
0000
0000

MDL: 38.2124
0011
0010
0000
0100

MDL: 10.371
0111
0010
0000
0100

MDL: 42.1573
0001
0000
0000
0010

MDL: -4.4278
0001
1000
0000
0010

MDL: 3.86579
0101
0000
0000
0010

MDL: 11.9464
0001
0000
0100
0010

MDL: 0.603436
0101
0000
0100
0010

MDL: 16.9776
0001
0000
0000
0110

MDL: 3.31416
0101
0000
0000
0110

MDL: 19.6883
0001
0000
0100
0110

MDL: 8.34539
0101
0000
0100
0110

MDL: 24.7196
0011
0000
0000
0010

MDL: 3.30327
0011
1000
0000
0010

MDL: 11.5969
0111
0000
0000
0010

MDL: 35.0895
0011
0000
0100
0010

MDL: 8.33451
0111
0000
0100
0010

MDL: 40.1207
0011
0000
0000
0110

MDL: 11.0452
0111
0000
0000
0110

MDL: 42.8315
0011
0000
0100
0110

MDL: 16.0765
0111
0000
0100
0110

MDL: 47.8627
0001
0010
0000
0010

MDL: 0.596703
0001
1010
0000
0010

MDL: 16.1832
0101
0010
0000
0010

MDL: 16.9709
0001
0010
0000
0110

MDL: 8.33866
0101
0010
0000
0110

MDL: 24.7128
0011
0010
0000
0010

MDL: 8.32777
0011
1010
0000
0010

MDL: 23.9143
0111
0010
0000
0010

MDL: 40.114
0011
0010
0000
0110

MDL: 16.0697
0111
0010
0000
0110

MDL: 47.856
0000
0001
0000
0000

MDL: -6.21559
0000
1001
0000
0000

MDL: 10.1005
0000
0001
1000
0000

MDL: -2.32807
0000
1001
1000
0000

MDL: 13.988
0000
0001
0000
1000

MDL: -2.38933
0000
1001
0000
1000

MDL: 13.9267
0000
0001
1000
1000

MDL: 1.49818
0000
1001
1000
1000

MDL: 17.8143
0100
0001
0000
0000

MDL: 2.08802
0100
0001
1000
0000

MDL: 5.97554
0000
0001
0100
0000

MDL: -1.18435
0000
1001
0100
0000

MDL: 15.1317
0000
0001
1100
0000

MDL: 10.1545
0000
1001
1100
0000

MDL: 26.4705
0000
0001
0100
1000

MDL: 2.6419
0000
1001
0100
1000

MDL: 18.958
0000
0001
1100
1000

MDL: 13.9807
0000
1001
1100
1000

MDL: 30.2968
0100
0001
0100
0000

MDL: 7.11925
0100
0001
1100
0000

MDL: 18.4581
0010
0001
0000
0000

MDL: -2.33001
0010
1001
0000
0000

MDL: 13.9861
0010
0001
0000
1000

MDL: 1.49624
0010
1001
0000
1000

MDL: 17.8123
0110
0001
0000
0000

MDL: 13.6458
0010
0001
0100
0000

MDL: 2.70123
0110
0001
0100
0000

MDL: 18.677
0000
0011
0000
0000

MDL: 2.37331
0000
1011
0000
0000

MDL: 33.6844
0000
0011
1000
0000

MDL: 6.26083
0000
1011
1000
0000

MDL: 37.572
0000
0011
0000
1000

MDL: 6.19956
0000
1011
0000
1000

MDL: 37.5107
0000
0011
1000
1000

MDL: 10.0871
0000
1011
1000
1000

MDL: 41.3982
0100
0011
0000
0000

MDL: 10.6769
0010
0011
0000
0000

MDL: 6.25888
0010
1011
0000
0000

MDL: 37.57
0010
0011
0000
1000

MDL: 10.0851
0010
1011
0000
1000

MDL: 41.3963
0110
0011
0000
0000

MDL: 22.2347
0000
0001
0000
0010

MDL: -4.31403
0000
1001
0000
0010

MDL: 12.002
0000
0001
1000
0010

MDL: -0.426512
0000
1001
1000
0010

MDL: 15.8896
0000
0001
0000
1010

MDL: 3.36444
0000
1001
0000
1010

MDL: 19.6805
0000
0001
1000
1010

MDL: 7.25196
0000
1001
1000
1010

MDL: 23.568
0100
0001
0000
0010

MDL: 3.98957
0010
0001
0000
0010

MDL: -0.428455
0010
1001
0000
0010

MDL: 15.8876
0010
0001
0000
1010

MDL: 7.25002
0010
1001
0000
1010

MDL: 23.5661
0110
0001
0000
0010

MDL: 15.5474
0000
0011
0000
0010

MDL: 4.27486
0000
1011
0000
0010

MDL: 35.586
0000
0011
1000
0010

MDL: 8.16238
0000
1011
1000
0010

MDL: 39.4735
0000
0011
0000
1010

MDL: 11.9533
0000
1011
0000
1010

MDL: 43.2645
0000
0011
1000
1010

MDL: 15.8408
0000
1011
1000
1010

MDL: 47.152
0100
0011
0000
0010

MDL: 12.5785
0010
0011
0000
0010

MDL: 8.16044
0010
1011
0000
0010

MDL: 39.4716
0010
0011
0000
1010

MDL: 15.8389
0010
1011
0000
1010

MDL: 47.15
0110
0011
0000
0010

MDL: 24.1363
0001
0001
0000
0000

MDL: -2.3866
0001
1001
0000
0000

MDL: 13.9295
0001
0001
1000
0000

MDL: 1.50091
0001
1001
1000
0000

MDL: 17.817
0101
0001
0000
0000

MDL: 13.9876
0101
0001
1000
0000

MDL: 17.8751
0001
0001
0100
0000

MDL: 2.64463
0001
1001
0100
0000

MDL: 18.9607
0001
0001
1100
0000

MDL: 13.9834
0001
1001
1100
0000

MDL: 30.2995
0101
0001
0100
0000

MDL: 19.0188
0101
0001
1100
0000

MDL: 30.3576
0011
0001
0000
0000

MDL: 5.34446
0011
1001
0000
0000

MDL: 21.6605
0111
0001
0000
0000

MDL: 37.1307
0011
0001
0100
0000

MDL: 10.3757
0111
0001
0100
0000

MDL: 42.1619
0001
0011
0000
0000

MDL: 6.20229
0001
1011
0000
0000

MDL: 37.5134
0001
0011
1000
0000

MDL: 10.0898
0001
1011
1000
0000

MDL: 41.4009
0101
0011
0000
0000

MDL: 22.5765
0011
0011
0000
0000

MDL: 13.9334
0011
1011
0000
0000

MDL: 45.2445
0111
0011
0000
0000

MDL: 45.7196
0001
0001
0000
0010

MDL: -0.485051
0001
1001
0000
0010

MDL: 15.831
0101
0001
0000
0010

MDL: 15.8891
0011
0001
0000
0010

MDL: 7.24602
0011
1001
0000
0010

MDL: 23.5621
0111
0001
0000
0010

MDL: 39.0322
0001
0011
0000
0010

MDL: 8.10384
0001
1011
0000
0010

MDL: 39.415
0101
0011
0000
0010

MDL: 24.478
0011
0011
0000
0010

MDL: 15.8349
0011
1011
0000
0010

MDL: 47.146
0111
0011
0000
0010

MDL: 47.6211
0000
0000
0001
0000

MDL: -8.25466
0000
1000
0001
0000

MDL: 0.0389363
0000
0000
1001
0000

MDL: -0.517043
0000
1000
1001
0000

MDL: 7.77655
0000
0000
0001
1000

MDL: -4.42841
0000
1000
0001
1000

MDL: 3.86519
0000
0000
1001
1000

MDL: 3.30921
0000
1000
1001
1000

MDL: 11.6028
0100
0000
0001
0000

MDL: 0.0489447
0100
0000
1001
0000

MDL: 7.78656
0100
0000
0001
1000

MDL: 3.8752
0100
0000
1001
1000

MDL: 11.6128
0000
0000
0101
0000

MDL: 0.373713
0000
1000
0101
0000

MDL: 8.66731
0000
0000
1101
0000

MDL: 23.4536
0000
1000
1101
0000

MDL: 31.7472
0000
0000
0101
1000

MDL: 4.19996
0000
1000
0101
1000

MDL: 12.4936
0000
0000
1101
1000

MDL: 27.2798
0000
1000
1101
1000

MDL: 35.5734
0100
0000
0101
0000

MDL: 8.67732
0100
0000
1101
0000

MDL: 31.7572
0100
0000
0101
1000

MDL: 12.5036
0100
0000
1101
1000

MDL: 35.5834
0000
0000
0001
0100

MDL: -4.30985
0000
1000
0001
0100

MDL: 3.98375
0000
0000
1001
0100

MDL: 3.42777
0000
1000
1001
0100

MDL: 11.7214
0000
0000
0001
1100

MDL: 7.70194
0000
1000
0001
1100

MDL: 15.9955
0000
0000
1001
1100

MDL: 15.4396
0000
1000
1001
1100

MDL: 23.7332
0100
0000
0001
0100

MDL: 3.99376
0100
0000
1001
0100

MDL: 11.7314
0100
0000
0001
1100

MDL: 16.0055
0100
0000
1001
1100

MDL: 23.7432
0000
0000
0101
0100

MDL: 4.31852
0000
1000
0101
0100

MDL: 12.6121
0000
0000
1101
0100

MDL: 27.3984
0000
1000
1101
0100

MDL: 35.692
0000
0000
0101
1100

MDL: 16.3303
0000
1000
0101
1100

MDL: 24.6239
0000
0000
1101
1100

MDL: 39.4102
0000
1000
1101
1100

MDL: 47.7038
0100
0000
0101
0100

MDL: 12.6221
0100
0000
1101
0100

MDL: 35.702
0100
0000
0101
1100

MDL: 24.6339
0100
0000
1101
1100

MDL: 47.7138
0010
0000
0001
0000

MDL: -4.36908
0010
1000
0001
0000

MDL: 3.92451
0110
0000
0001
0000

MDL: 11.6067
0010
0000
0101
0000

MDL: 4.25929
0110
0000
0101
0000

MDL: 20.2351
0010
0000
0001
0100

MDL: -0.424269
0110
0000
0001
0100

MDL: 15.5515
0010
0000
0101
0100

MDL: 8.2041
0110
0000
0101
0100

MDL: 24.1799
0000
0010
0001
0000

MDL: -3.23015
0000
1010
0001
0000

MDL: 12.3564
0000
0010
1001
0000

MDL: 4.50746
0000
1010
1001
0000

MDL: 20.094
0000
0010
0001
1000

MDL: 0.596097
0000
1010
0001
1000

MDL: 16.1826
0000
0010
1001
1000

MDL: 8.33371
0000
1010
1001
1000

MDL: 23.9202
0100
0010
0001
0000

MDL: 5.07345
0010
0010
0001
0000

MDL: 0.655423
0010
1010
0001
0000

MDL: 16.2419
0110
0010
0001
0000

MDL: 16.6312
0001
0000
0001
0000

MDL: -4.42568
0001
1000
0001
0000

MDL: 3.86792
0001
0000
1001
0000

MDL: 3.31194
0001
1000
1001
0000

MDL: 11.6055
0101
0000
0001
0000

MDL: 11.9485
0101
0000
1001
0000

MDL: 19.6861
0001
0000
0101
0000

MDL: 4.20269
0001
1000
0101
0000

MDL: 12.4963
0001
0000
1101
0000

MDL: 27.2825
0001
1000
1101
0000

MDL: 35.5761
0101
0000
0101
0000

MDL: 20.5769
0101
0000
1101
0000

MDL: 43.6567
0001
0000
0001
0100

MDL: -0.480866
0001
0000
1001
0100

MDL: 7.25675
0101
0000
0001
0100

MDL: 15.8933
0101
0000
1001
0100

MDL: 23.6309
0001
0000
0101
0100

MDL: 8.14751
0001
0000
1101
0100

MDL: 31.2274
0101
0000
0101
0100

MDL: 24.5217
0101
0000
1101
0100

MDL: 47.6015
0011
0000
0001
0000

MDL: 3.30539
0011
1000
0001
0000

MDL: 11.599
0111
0000
0001
0000

MDL: 35.0916
0011
0000
0101
0000

MDL: 11.9338
0111
0000
0101
0000

MDL: 43.72
0011
0000
0001
0100

MDL: 7.2502
0111
0000
0001
0100

MDL: 39.0364
0011
0000
0101
0100

MDL: 15.8786
0111
0000
0101
0100

MDL: 47.6648
0001
0010
0001
0000

MDL: 0.598827
0001
1010
0001
0000

MDL: 16.1853
0001
0010
1001
0000

MDL: 8.33644
0001
1010
1001
0000

MDL: 23.9229
0101
0010
0001
0000

MDL: 16.973
0011
0010
0001
0000

MDL: 8.3299
0011
1010
0001
0000

MDL: 23.9164
0111
0010
0001
0000

MDL: 40.1161
0000
0001
0001
0000

MDL: -4.31191
0000
1001
0001
0000

MDL: 12.0042
0000
0001
1001
0000

MDL: 3.42571
0000
1001
1001
0000

MDL: 19.7418
0000
0001
0001
1000

MDL: -0.485657
0000
1001
0001
1000

MDL: 15.8304
0000
0001
1001
1000

MDL: 7.25196
0000
1001
1001
1000

MDL: 23.568
0100
0001
0001
0000

MDL: 3.99169
0100
0001
1001
0000

MDL: 11.7293
0000
0001
0101
0000

MDL: 4.31646
0000
1001
0101
0000

MDL: 20.6325
0000
0001
1101
0000

MDL: 27.3963
0000
1001
1101
0000

MDL: 43.7124
0000
0001
0101
1000

MDL: 8.14271
0000
1001
0101
1000

MDL: 24.4588
0000
0001
1101
1000

MDL: 31.2226
0000
1001
1101
1000

MDL: 47.5386
0100
0001
0101
0000

MDL: 12.6201
0100
0001
1101
0000

MDL: 35.6999
0010
0001
0001
0000

MDL: -0.426331
0010
1001
0001
0000

MDL: 15.8897
0110
0001
0001
0000

MDL: 15.5495
0010
0001
0101
0000

MDL: 8.20204
0110
0001
0101
0000

MDL: 24.1779
0000
0011
0001
0000

MDL: 4.27698
0000
1011
0001
0000

MDL: 35.5881
0000
0011
1001
0000

MDL: 12.0146
0000
1011
1001
0000

MDL: 43.3257
0000
0011
0001
1000

MDL: 8.10323
0000
1011
0001
1000

MDL: 39.4144
0000
0011
1001
1000

MDL: 15.8408
0000
1011
1001
1000

MDL: 47.152
0100
0011
0001
0000

MDL: 12.5806
0010
0011
0001
0000

MDL: 8.16256
0010
1011
0001
0000

MDL: 39.4737
0110
0011
0001
0000

MDL: 24.1384
0001
0001
0001
0000

MDL: -0.482927
0001
1001
0001
0000

MDL: 15.8332
0001
0001
1001
0000

MDL: 7.25469
0001
1001
1001
0000

MDL: 23.5708
0101
0001
0001
0000

MDL: 15.8912
0101
0001
1001
0000

MDL: 23.6289
0001
0001
0101
0000

MDL: 8.14544
0001
1001
0101
0000

MDL: 24.4615
0001
0001
1101
0000

MDL: 31.2253
0001
1001
1101
0000

MDL: 47.5414
0101
0001
0101
0000

MDL: 24.5196
0101
0001
1101
0000

MDL: 47.5995
0011
0001
0001
0000

MDL: 7.24814
0011
1001
0001
0000

MDL: 23.5642
0111
0001
0001
0000

MDL: 39.0344
0011
0001
0101
0000

MDL: 15.8765
0111
0001
0101
0000

MDL: 47.6627
0001
0011
0001
0000

MDL: 8.10596
0001
1011
0001
0000

MDL: 39.4171
0001
0011
1001
0000

MDL: 15.8436
0001
1011
1001
0000

MDL: 47.1547
0101
0011
0001
0000

MDL: 24.4801
0011
0011
0001
0000

MDL: 15.837
0011
1011
0001
0000

MDL: 47.1482
0111
0011
0001
0000

MDL: 47.6233
