0000
0000
0000
0000

Entropia: -21.58040000
1000
0000
0000

Entropia: -20.90150000
0000
1000
0000

Entropia: -21.50020000
1000
1000
0000

Entropia: -20.82140000
0000
0000
1000

Entropia: -21.56150000
1000
0000
1000

Entropia: -20.88260000
0000
1000
1000

Entropia: -21.48130000
1000
1000
1000

Entropia: -20.80250100
0000
0000
0000

Entropia: -20.89150100
0000
1000
0000

Entropia: -20.81130100
0000
0000
1000

Entropia: -20.87260100
0000
1000
1000

Entropia: -20.79240000
0000
0100
0000

Entropia: -20.35650000
1000
0100
0000

Entropia: -19.67760000
0000
1100
0000

Entropia: -20.43980000
1000
1100
0000

Entropia: -19.76090000
0000
0100
1000

Entropia: -20.33760000
1000
0100
1000

Entropia: -19.65870000
0000
1100
1000

Entropia: -20.42090000
1000
1100
1000

Entropia: -19.7420100
0000
0100
0000

Entropia: -19.66760100
0000
1100
0000

Entropia: -19.75090100
0000
0100
1000

Entropia: -19.64870100
0000
1100
1000

Entropia: -19.7320000
0000
0000
0100

Entropia: -21.44290000
1000
0000
0100

Entropia: -20.76410000
0000
1000
0100

Entropia: -21.36280000
1000
1000
0100

Entropia: -20.68390000
0000
0000
1100

Entropia: -20.85320000
1000
0000
1100

Entropia: -20.17430000
0000
1000
1100

Entropia: -20.77310000
1000
1000
1100

Entropia: -20.09420100
0000
0000
0100

Entropia: -20.75410100
0000
1000
0100

Entropia: -20.67390100
0000
0000
1100

Entropia: -20.16430100
0000
1000
1100

Entropia: -20.08420000
0000
0100
0100

Entropia: -20.21910000
1000
0100
0100

Entropia: -19.54020000
0000
1100
0100

Entropia: -20.30230000
1000
1100
0100

Entropia: -19.62340000
0000
0100
1100

Entropia: -19.62930000
1000
0100
1100

Entropia: -18.95050000
0000
1100
1100

Entropia: -19.71260000
1000
1100
1100

Entropia: -19.03370100
0000
0100
0100

Entropia: -19.53020100
0000
1100
0100

Entropia: -19.61340100
0000
0100
1100

Entropia: -18.94040100
0000
1100
1100

Entropia: -19.02370010
0000
0000
0000

Entropia: -21.50220010
1000
0000
0000

Entropia: -20.82330010
0000
0000
1000

Entropia: -21.48330010
1000
0000
1000

Entropia: -20.80440110
0000
0000
0000

Entropia: -20.75580110
0000
0000
1000

Entropia: -20.73690010
0000
0100
0000

Entropia: -20.27830010
0000
0100
1000

Entropia: -20.25940110
0000
0100
0000

Entropia: -19.53190110
0000
0100
1000

Entropia: -19.5130010
0000
0000
0100

Entropia: -21.36470010
1000
0000
0100

Entropia: -20.68580010
0000
0000
1100

Entropia: -20.7750010
1000
0000
1100

Entropia: -20.09610110
0000
0000
0100

Entropia: -20.61830110
0000
0000
1100

Entropia: -20.02860010
0000
0100
0100

Entropia: -20.14080010
0000
0100
1100

Entropia: -19.55110110
0000
0100
0100

Entropia: -19.39440110
0000
0100
1100

Entropia: -18.80470000
0010
0000
0000

Entropia: -20.36330000
1010
0000
0000

Entropia: -20.00620000
0010
1000
0000

Entropia: -20.28310000
1010
1000
0000

Entropia: -19.9260000
0010
0000
1000

Entropia: -20.34440000
1010
0000
1000

Entropia: -19.98730000
0010
1000
1000

Entropia: -20.26420000
1010
1000
1000

Entropia: -19.90710100
0010
0000
0000

Entropia: -19.67440100
0010
0000
1000

Entropia: -19.65550000
0010
0000
0100

Entropia: -20.22580000
1010
0000
0100

Entropia: -19.86870000
0010
1000
0100

Entropia: -20.14560000
1010
1000
0100

Entropia: -19.78850000
0010
0000
1100

Entropia: -19.63610000
1010
0000
1100

Entropia: -19.2790000
0010
1000
1100

Entropia: -19.55590000
1010
1000
1100

Entropia: -19.19880100
0010
0000
0100

Entropia: -19.53690100
0010
0000
1100

Entropia: -18.94720010
0010
0000
0000

Entropia: -20.2850010
1010
0000
0000

Entropia: -19.92790010
0010
0000
1000

Entropia: -20.26610010
1010
0000
1000

Entropia: -19.9090110
0010
0000
0000

Entropia: -19.53860110
0010
0000
1000

Entropia: -19.51970010
0010
0000
0100

Entropia: -20.14760010
1010
0000
0100

Entropia: -19.79050010
0010
0000
1100

Entropia: -19.55780010
1010
0000
1100

Entropia: -19.20080110
0010
0000
0100

Entropia: -19.40120110
0010
0000
1100

Entropia: -18.81140000
0000
0000
0010

Entropia: -21.58250000
1000
0000
0010

Entropia: -20.90360000
0000
1000
0010

Entropia: -21.50240000
1000
1000
0010

Entropia: -20.82350000
0000
0000
1010

Entropia: -21.51880000
1000
0000
1010

Entropia: -20.83990000
0000
1000
1010

Entropia: -21.43860000
1000
1000
1010

Entropia: -20.75970100
0000
0000
0010

Entropia: -20.89360100
0000
1000
0010

Entropia: -20.81350100
0000
0000
1010

Entropia: -20.82990100
0000
1000
1010

Entropia: -20.74970000
0000
0100
0010

Entropia: -20.35860000
1000
0100
0010

Entropia: -19.67980000
0000
1100
0010

Entropia: -20.44190000
1000
1100
0010

Entropia: -19.7630000
0000
0100
1010

Entropia: -20.29490000
1000
0100
1010

Entropia: -19.6160000
0000
1100
1010

Entropia: -20.37810000
1000
1100
1010

Entropia: -19.69920100
0000
0100
0010

Entropia: -19.66970100
0000
1100
0010

Entropia: -19.7530100
0000
0100
1010

Entropia: -19.6060100
0000
1100
1010

Entropia: -19.68920000
0000
0000
0110

Entropia: -21.45530000
1000
0000
0110

Entropia: -20.77640000
0000
1000
0110

Entropia: -21.37510000
1000
1000
0110

Entropia: -20.69620000
0000
0000
1110

Entropia: -20.64220000
1000
0000
1110

Entropia: -19.96330000
0000
1000
1110

Entropia: -20.5620000
1000
1000
1110

Entropia: -19.88310100
0000
0000
0110

Entropia: -20.76640100
0000
1000
0110

Entropia: -20.68620100
0000
0000
1110

Entropia: -19.95330100
0000
1000
1110

Entropia: -19.87310000
0000
0100
0110

Entropia: -20.23140000
1000
0100
0110

Entropia: -19.55250000
0000
1100
0110

Entropia: -20.31460000
1000
1100
0110

Entropia: -19.63580000
0000
0100
1110

Entropia: -19.41830000
1000
0100
1110

Entropia: -18.73940000
0000
1100
1110

Entropia: -19.50150000
1000
1100
1110

Entropia: -18.82260100
0000
0100
0110

Entropia: -19.54250100
0000
1100
0110

Entropia: -19.62580100
0000
0100
1110

Entropia: -18.72940100
0000
1100
1110

Entropia: -18.81260010
0000
0000
0010

Entropia: -21.50430010
1000
0000
0010

Entropia: -20.82540010
0000
0000
1010

Entropia: -21.44050010
1000
0000
1010

Entropia: -20.76170110
0000
0000
0010

Entropia: -20.75790110
0000
0000
1010

Entropia: -20.69410010
0000
0100
0010

Entropia: -20.28040010
0000
0100
1010

Entropia: -20.21670110
0000
0100
0010

Entropia: -19.5340110
0000
0100
1010

Entropia: -19.47030010
0000
0000
0110

Entropia: -21.37710010
1000
0000
0110

Entropia: -20.69820010
0000
0000
1110

Entropia: -20.56390010
1000
0000
1110

Entropia: -19.88510110
0000
0000
0110

Entropia: -20.63070110
0000
0000
1110

Entropia: -19.81750010
0000
0100
0110

Entropia: -20.15320010
0000
0100
1110

Entropia: -19.34010110
0000
0100
0110

Entropia: -19.40680110
0000
0100
1110

Entropia: -18.59370000
0010
0000
0010

Entropia: -20.36540000
1010
0000
0010

Entropia: -20.00830000
0010
1000
0010

Entropia: -20.28520000
1010
1000
0010

Entropia: -19.92810000
0010
0000
1010

Entropia: -20.30160000
1010
0000
1010

Entropia: -19.94450000
0010
1000
1010

Entropia: -20.22150000
1010
1000
1010

Entropia: -19.86440100
0010
0000
0010

Entropia: -19.67650100
0010
0000
1010

Entropia: -19.61270000
0010
0000
0110

Entropia: -20.23810000
1010
0000
0110

Entropia: -19.8810000
0010
1000
0110

Entropia: -20.1580000
1010
1000
0110

Entropia: -19.80090000
0010
0000
1110

Entropia: -19.4250000
1010
0000
1110

Entropia: -19.06790000
0010
1000
1110

Entropia: -19.34480000
1010
1000
1110

Entropia: -18.98780100
0010
0000
0110

Entropia: -19.54920100
0010
0000
1110

Entropia: -18.73610010
0010
0000
0010

Entropia: -20.28720010
1010
0000
0010

Entropia: -19.93010010
0010
0000
1010

Entropia: -20.22340010
1010
0000
1010

Entropia: -19.86630110
0010
0000
0010

Entropia: -19.54080110
0010
0000
1010

Entropia: -19.4770010
0010
0000
0110

Entropia: -20.15990010
1010
0000
0110

Entropia: -19.80280010
0010
0000
1110

Entropia: -19.34680010
1010
0000
1110

Entropia: -18.98970110
0010
0000
0110

Entropia: -19.41350110
0010
0000
1110

Entropia: -18.60040001
0000
0000
0000

Entropia: -21.55880001
1000
0000
0000

Entropia: -20.87990001
0000
1000
0000

Entropia: -21.47860001
1000
1000
0000

Entropia: -20.79970101
0000
0000
0000

Entropia: -20.4140101
0000
1000
0000

Entropia: -20.33390001
0000
0100
0000

Entropia: -20.33490001
1000
0100
0000

Entropia: -19.6560001
0000
1100
0000

Entropia: -20.41810001
1000
1100
0000

Entropia: -19.73930101
0000
0100
0000

Entropia: -19.19010101
0000
1100
0000

Entropia: -19.27340001
0000
0000
0100

Entropia: -21.42130001
0000
1000
0100

Entropia: -21.34120101
0000
0000
0100

Entropia: -20.27660101
0000
1000
0100

Entropia: -20.19640001
0000
0100
0100

Entropia: -20.19740001
0000
1100
0100

Entropia: -20.28070101
0000
0100
0100

Entropia: -19.05270101
0000
1100
0100

Entropia: -19.13590011
0000
0000
0000

Entropia: -21.44240011
1000
0000
0000

Entropia: -20.76350111
0000
0000
0000

Entropia: -20.1150011
0000
0100
0000

Entropia: -20.21850111
0000
0100
0000

Entropia: -18.89110011
0000
0000
0100

Entropia: -21.3050111
0000
0000
0100

Entropia: -19.97760011
0000
0100
0100

Entropia: -20.08110111
0000
0100
0100

Entropia: -18.75370001
0010
0000
0000

Entropia: -20.34160001
1010
0000
0000

Entropia: -19.98450001
0010
1000
0000

Entropia: -20.26150001
1010
1000
0000

Entropia: -19.90440101
0010
0000
0000

Entropia: -19.19690001
0010
0000
0100

Entropia: -20.20420101
0010
0000
0100

Entropia: -19.05940011
0010
0000
0000

Entropia: -20.22530011
1010
0000
0000

Entropia: -19.86820111
0010
0000
0000

Entropia: -18.89790011
0010
0000
0100

Entropia: -20.08780111
0010
0000
0100

Entropia: -18.76040001
0000
0000
0010

Entropia: -21.56090001
1000
0000
0010

Entropia: -20.8820101
0000
0000
0010

Entropia: -20.41610001
0000
0100
0010

Entropia: -20.3370101
0000
0100
0010

Entropia: -19.19230001
0000
0000
0110

Entropia: -21.43370101
0000
0000
0110

Entropia: -20.28890001
0000
0100
0110

Entropia: -20.20980101
0000
0100
0110

Entropia: -19.0650011
0000
0000
0010

Entropia: -21.44450011
1000
0000
0010

Entropia: -20.76570111
0000
0000
0010

Entropia: -20.11720011
0000
0100
0010

Entropia: -20.22070111
0000
0100
0010

Entropia: -18.89330011
0000
0000
0110

Entropia: -21.31730111
0000
0000
0110

Entropia: -19.98990011
0000
0100
0110

Entropia: -20.09340111
0000
0100
0110

Entropia: -18.7660001
0010
0000
0010

Entropia: -20.34370001
1010
0000
0010

Entropia: -19.98670101
0010
0000
0010

Entropia: -19.1990001
0010
0000
0110

Entropia: -20.21650101
0010
0000
0110

Entropia: -19.07180011
0010
0000
0010

Entropia: -20.22740011
1010
0000
0010

Entropia: -19.87030111
0010
0000
0010

Entropia: -18.90011
0010
0000
0110

Entropia: -20.10010111
0010
0000
0110

Entropia: -18.77280000
0001
0000
0000

Entropia: -21.4450000
1001
0000
0000

Entropia: -20.35830000
0001
1000
0000

Entropia: -21.36480000
1001
1000
0000

Entropia: -20.27820000
0001
0000
1000

Entropia: -21.42610000
1001
0000
1000

Entropia: -20.33950000
0001
1000
1000

Entropia: -21.34590000
1001
1000
1000

Entropia: -20.25930100
0001
0000
0000

Entropia: -20.75610100
0001
1000
0000

Entropia: -20.67590000
0001
0100
0000

Entropia: -20.22110000
1001
0100
0000

Entropia: -19.13450000
0001
1100
0000

Entropia: -20.30440000
1001
1100
0000

Entropia: -19.21770000
0001
0100
1000

Entropia: -20.20220000
1001
0100
1000

Entropia: -19.11560000
0001
1100
1000

Entropia: -20.28550000
1001
1100
1000

Entropia: -19.19880100
0001
0100
0000

Entropia: -19.53220100
0001
1100
0000

Entropia: -19.61550010
0001
0000
0000

Entropia: -21.36680010
1001
0000
0000

Entropia: -20.28010010
0001
0000
1000

Entropia: -21.34790010
1001
0000
1000

Entropia: -20.26120110
0001
0000
0000

Entropia: -20.62040010
0001
0100
0000

Entropia: -20.14290110
0001
0100
0000

Entropia: -19.39650000
0011
0000
0000

Entropia: -20.47080000
1011
0000
0000

Entropia: -19.61850000
0011
1000
0000

Entropia: -20.39070000
1011
1000
0000

Entropia: -19.53840000
0011
0000
1000

Entropia: -20.45190000
1011
0000
1000

Entropia: -19.59960000
0011
1000
1000

Entropia: -20.37180000
1011
1000
1000

Entropia: -19.51950100
0011
0000
0000

Entropia: -19.78190010
0011
0000
0000

Entropia: -20.39260010
1011
0000
0000

Entropia: -19.54030010
0011
0000
1000

Entropia: -20.37370010
1011
0000
1000

Entropia: -19.52140110
0011
0000
0000

Entropia: -19.64620000
0001
0000
0010

Entropia: -21.44710000
1001
0000
0010

Entropia: -20.36050000
0001
1000
0010

Entropia: -21.3670000
1001
1000
0010

Entropia: -20.28030000
0001
0000
1010

Entropia: -21.38340000
1001
0000
1010

Entropia: -20.29670000
0001
1000
1010

Entropia: -21.30320000
1001
1000
1010

Entropia: -20.21650100
0001
0000
0010

Entropia: -20.75820010
0001
0000
0010

Entropia: -21.36890010
1001
0000
0010

Entropia: -20.28220010
0001
0000
1010

Entropia: -21.30510010
1001
0000
1010

Entropia: -20.21850110
0001
0000
0010

Entropia: -20.62250000
0011
0000
0010

Entropia: -20.47290000
1011
0000
0010

Entropia: -19.62060000
0011
1000
0010

Entropia: -20.39280000
1011
1000
0010

Entropia: -19.54050000
0011
0000
1010

Entropia: -20.40920000
1011
0000
1010

Entropia: -19.55690000
0011
1000
1010

Entropia: -20.3290000
1011
1000
1010

Entropia: -19.47670100
0011
0000
0010

Entropia: -19.78410010
0011
0000
0010

Entropia: -20.39470010
1011
0000
0010

Entropia: -19.54240010
0011
0000
1010

Entropia: -20.3310010
1011
0000
1010

Entropia: -19.47870110
0011
0000
0010

Entropia: -19.64830001
0001
0000
0000

Entropia: -21.42340001
1001
0000
0000

Entropia: -20.33670001
0001
1000
0000

Entropia: -21.34320001
1001
1000
0000

Entropia: -20.25660101
0001
0000
0000

Entropia: -20.27860101
0001
1000
0000

Entropia: -20.19850001
0001
0100
0000

Entropia: -20.19950001
1001
0100
0000

Entropia: -19.11280001
0001
1100
0000

Entropia: -20.28270001
1001
1100
0000

Entropia: -19.19610101
0001
0100
0000

Entropia: -19.05470101
0001
1100
0000

Entropia: -19.1380011
0001
0000
0000

Entropia: -21.3070011
1001
0000
0000

Entropia: -20.22040111
0001
0000
0000

Entropia: -19.97960011
0001
0100
0000

Entropia: -20.08310111
0001
0100
0000

Entropia: -18.75580001
0011
0000
0000

Entropia: -20.44920001
1011
0000
0000

Entropia: -19.59690001
0011
1000
0000

Entropia: -20.3690001
1011
1000
0000

Entropia: -19.51670101
0011
0000
0000

Entropia: -19.30440011
0011
0000
0000

Entropia: -20.33280011
1011
0000
0000

Entropia: -19.48050111
0011
0000
0000

Entropia: -19.00550001
0001
0000
0010

Entropia: -21.42550001
1001
0000
0010

Entropia: -20.33880101
0001
0000
0010

Entropia: -20.28080011
0001
0000
0010

Entropia: -21.30910011
1001
0000
0010

Entropia: -20.22250111
0001
0000
0010

Entropia: -19.98180001
0011
0000
0010

Entropia: -20.45130001
1011
0000
0010

Entropia: -19.5990101
0011
0000
0010

Entropia: -19.30660011
0011
0000
0010

Entropia: -20.3350011
1011
0000
0010

Entropia: -19.48270111
0011
0000
0010

Entropia: -19.00760000
0000
0001
0000

Entropia: -21.58040000
1000
0001
0000

Entropia: -20.90150000
0000
1001
0000

Entropia: -21.45750000
1000
1001
0000

Entropia: -20.77860000
0000
0001
1000

Entropia: -21.56150000
1000
0001
1000

Entropia: -20.88260000
0000
1001
1000

Entropia: -21.43860000
1000
1001
1000

Entropia: -20.75970100
0000
0001
0000

Entropia: -20.89150100
0000
1001
0000

Entropia: -20.76860100
0000
0001
1000

Entropia: -20.87260100
0000
1001
1000

Entropia: -20.74970000
0000
0101
0000

Entropia: -20.56670000
1000
0101
0000

Entropia: -19.88790000
0000
1101
0000

Entropia: -20.3310000
1000
1101
0000

Entropia: -19.65210000
0000
0101
1000

Entropia: -20.54780000
1000
0101
1000

Entropia: -19.8690000
0000
1101
1000

Entropia: -20.31210000
1000
1101
1000

Entropia: -19.63320100
0000
0101
0000

Entropia: -19.87780100
0000
1101
0000

Entropia: -19.64210100
0000
0101
1000

Entropia: -19.8590100
0000
1101
1000

Entropia: -19.62320000
0000
0001
0100

Entropia: -21.44290000
1000
0001
0100

Entropia: -20.76410000
0000
1001
0100

Entropia: -21.320000
1000
1001
0100

Entropia: -20.64120000
0000
0001
1100

Entropia: -20.85320000
1000
0001
1100

Entropia: -20.17430000
0000
1001
1100

Entropia: -20.73030000
1000
1001
1100

Entropia: -20.05140100
0000
0001
0100

Entropia: -20.75410100
0000
1001
0100

Entropia: -20.63110100
0000
0001
1100

Entropia: -20.16430100
0000
1001
1100

Entropia: -20.04140000
0000
0101
0100

Entropia: -20.42930000
1000
0101
0100

Entropia: -19.75040000
0000
1101
0100

Entropia: -20.19360000
1000
1101
0100

Entropia: -19.51470000
0000
0101
1100

Entropia: -19.83960000
1000
0101
1100

Entropia: -19.16070000
0000
1101
1100

Entropia: -19.60380000
1000
1101
1100

Entropia: -18.92490100
0000
0101
0100

Entropia: -19.74040100
0000
1101
0100

Entropia: -19.50470100
0000
0101
1100

Entropia: -19.15070100
0000
1101
1100

Entropia: -18.91490010
0000
0001
0000

Entropia: -21.50220010
1000
0001
0000

Entropia: -20.82330110
0000
0001
0000

Entropia: -20.75580010
0000
0101
0000

Entropia: -20.48850110
0000
0101
0000

Entropia: -19.74210010
0000
0001
0100

Entropia: -21.36470110
0000
0001
0100

Entropia: -20.61830010
0000
0101
0100

Entropia: -20.35110110
0000
0101
0100

Entropia: -19.60470000
0010
0001
0000

Entropia: -20.36330000
1010
0001
0000

Entropia: -20.00620000
0010
1001
0000

Entropia: -20.24030000
1010
1001
0000

Entropia: -19.88330000
0010
0001
1000

Entropia: -20.34440000
1010
0001
1000

Entropia: -19.98730000
0010
1001
1000

Entropia: -20.22150000
1010
1001
1000

Entropia: -19.86440100
0010
0001
0000

Entropia: -19.67440010
0010
0001
0000

Entropia: -20.2850010
1010
0001
0000

Entropia: -19.92790110
0010
0001
0000

Entropia: -19.53860001
0000
0001
0000

Entropia: -21.55880001
1000
0001
0000

Entropia: -20.87990001
0000
1001
0000

Entropia: -21.43590001
1000
1001
0000

Entropia: -20.7570101
0000
0001
0000

Entropia: -20.4140101
0000
1001
0000

Entropia: -20.29110001
0000
0101
0000

Entropia: -20.54510001
1000
0101
0000

Entropia: -19.86620001
0000
1101
0000

Entropia: -20.30940001
1000
1101
0000

Entropia: -19.63050101
0000
0101
0000

Entropia: -19.40040101
0000
1101
0000

Entropia: -19.16460001
0000
0001
0100

Entropia: -21.42130001
0000
1001
0100

Entropia: -21.29840101
0000
0001
0100

Entropia: -20.27660101
0000
1001
0100

Entropia: -20.15370001
0000
0101
0100

Entropia: -20.40770001
0000
1101
0100

Entropia: -20.17190101
0000
0101
0100

Entropia: -19.26290101
0000
1101
0100

Entropia: -19.02720011
0000
0001
0000

Entropia: -21.44240011
1000
0001
0000

Entropia: -20.76350111
0000
0001
0000

Entropia: -20.1150011
0000
0101
0000

Entropia: -20.42880111
0000
0101
0000

Entropia: -19.10140011
0000
0001
0100

Entropia: -21.3050111
0000
0001
0100

Entropia: -19.97760011
0000
0101
0100

Entropia: -20.29130111
0000
0101
0100

Entropia: -18.96390001
0010
0001
0000

Entropia: -20.34160001
1010
0001
0000

Entropia: -19.98450001
0010
1001
0000

Entropia: -20.21870001
1010
1001
0000

Entropia: -19.86160101
0010
0001
0000

Entropia: -19.19690011
0010
0001
0000

Entropia: -20.22530011
1010
0001
0000

Entropia: -19.86820111
0010
0001
0000

Entropia: -18.89790000
0001
0001
0000

Entropia: -21.4450000
1001
0001
0000

Entropia: -20.35830000
0001
1001
0000

Entropia: -21.32210000
1001
1001
0000

Entropia: -20.23540000
0001
0001
1000

Entropia: -21.42610000
1001
0001
1000

Entropia: -20.33950000
0001
1001
1000

Entropia: -21.30320000
1001
1001
1000

Entropia: -20.21650100
0001
0001
0000

Entropia: -20.75610100
0001
1001
0000

Entropia: -20.63320000
0001
0101
0000

Entropia: -20.43130000
1001
0101
0000

Entropia: -19.34470000
0001
1101
0000

Entropia: -20.19560000
1001
1101
0000

Entropia: -19.1090000
0001
0101
1000

Entropia: -20.41240000
1001
0101
1000

Entropia: -19.32580000
0001
1101
1000

Entropia: -20.17670000
1001
1101
1000

Entropia: -19.09010100
0001
0101
0000

Entropia: -19.74250100
0001
1101
0000

Entropia: -19.50670010
0001
0001
0000

Entropia: -21.36680010
1001
0001
0000

Entropia: -20.28010110
0001
0001
0000

Entropia: -20.62040010
0001
0101
0000

Entropia: -20.35310110
0001
0101
0000

Entropia: -19.60670000
0011
0001
0000

Entropia: -20.47080000
1011
0001
0000

Entropia: -19.61850000
0011
1001
0000

Entropia: -20.34790000
1011
1001
0000

Entropia: -19.49560000
0011
0001
1000

Entropia: -20.45190000
1011
0001
1000

Entropia: -19.59960000
0011
1001
1000

Entropia: -20.3290000
1011
1001
1000

Entropia: -19.47670100
0011
0001
0000

Entropia: -19.78190010
0011
0001
0000

Entropia: -20.39260010
1011
0001
0000

Entropia: -19.54030110
0011
0001
0000

Entropia: -19.64620001
0001
0001
0000

Entropia: -21.42340001
1001
0001
0000

Entropia: -20.33670001
0001
1001
0000

Entropia: -21.30050001
1001
1001
0000

Entropia: -20.21380101
0001
0001
0000

Entropia: -20.27860101
0001
1001
0000

Entropia: -20.15570001
0001
0101
0000

Entropia: -20.40970001
1001
0101
0000

Entropia: -19.32310001
0001
1101
0000

Entropia: -20.1740001
1001
1101
0000

Entropia: -19.08730101
0001
0101
0000

Entropia: -19.2650101
0001
1101
0000

Entropia: -19.02920011
0001
0001
0000

Entropia: -21.3070011
1001
0001
0000

Entropia: -20.22040111
0001
0001
0000

Entropia: -19.97960011
0001
0101
0000

Entropia: -20.29340111
0001
0101
0000

Entropia: -18.9660001
0011
0001
0000

Entropia: -20.44920001
1011
0001
0000

Entropia: -19.59690001
0011
1001
0000

Entropia: -20.32630001
1011
1001
0000

Entropia: -19.4740101
0011
0001
0000

Entropia: -19.30440011
0011
0001
0000

Entropia: -20.33280011
1011
0001
0000

Entropia: -19.48050111
0011
0001
0000

Entropia: -19.0055