0000
0000
0000
0000

K2: 77.3652
0000
1000
0000
0000

K2: 34.1981
0000
0000
1000
0000

K2: 36.0461
0000
1000
1000
0000

K2: -7.12098
0000
0000
0000
1000

K2: 35.8535
0000
1000
0000
1000

K2: -7.31363
0000
0000
1000
1000

K2: -5.46563
0000
1000
1000
1000

K2: -48.6327
0100
0000
0000
0000

K2: 34.2685
0100
0000
1000
0000

K2: -7.05059
0100
0000
0000
1000

K2: -7.24324
0100
0000
1000
1000

K2: -48.5623
0000
0000
0100
0000

K2: 39.4087
0000
1000
0100
0000

K2: -3.75841
0000
0000
1100
0000

K2: 37.842
0000
1000
1100
0000

K2: -5.32512
0000
0000
0100
1000

K2: -2.10306
0000
1000
0100
1000

K2: -45.2701
0000
0000
1100
1000

K2: -3.66977
0000
1000
1100
1000

K2: -46.8369
0100
0000
0100
0000

K2: -3.68802
0100
0000
1100
0000

K2: -5.25473
0100
0000
0100
1000

K2: -45.1998
0100
0000
1100
1000

K2: -46.7665
0000
0000
0000
0100

K2: 36.216
0000
1000
0000
0100

K2: -6.95106
0000
0000
1000
0100

K2: -5.10306
0000
1000
1000
0100

K2: -48.2701
0000
0000
0000
1100

K2: 36.6493
0000
1000
0000
1100

K2: -6.51777
0000
0000
1000
1100

K2: -4.66977
0000
1000
1000
1100

K2: -47.8369
0100
0000
0000
0100

K2: -6.88067
0100
0000
1000
0100

K2: -48.1998
0100
0000
0000
1100

K2: -6.44738
0100
0000
1000
1100

K2: -47.7665
0000
0000
0100
0100

K2: -1.74049
0000
1000
0100
0100

K2: -44.9076
0000
0000
1100
0100

K2: -3.3072
0000
1000
1100
0100

K2: -46.4743
0000
0000
0100
1100

K2: -1.3072
0000
1000
0100
1100

K2: -44.4743
0000
0000
1100
1100

K2: -2.87391
0000
1000
1100
1100

K2: -46.041
0100
0000
0100
0100

K2: -44.8372
0100
0000
1100
0100

K2: -46.4039
0100
0000
0100
1100

K2: -44.4039
0100
0000
1100
1100

K2: -45.9706
0010
0000
0000
0000

K2: 33.1981
0010
1000
0000
0000

K2: -9.96898
0010
0000
0000
1000

K2: -8.31363
0010
1000
0000
1000

K2: -51.4807
0110
0000
0000
0000

K2: 33.9059
0110
0000
0000
1000

K2: -7.60581
0010
0000
0100
0000

K2: -4.75841
0010
0000
0100
1000

K2: -46.2701
0110
0000
0100
0000

K2: -4.05059
0110
0000
0100
1000

K2: -45.5623
0010
0000
0000
0100

K2: -7.95106
0010
1000
0000
0100

K2: -51.1181
0010
0000
0000
1100

K2: -7.51777
0010
1000
0000
1100

K2: -50.6849
0110
0000
0000
0100

K2: -7.24324
0110
0000
0000
1100

K2: -6.80995
0010
0000
0100
0100

K2: -45.9076
0010
0000
0100
1100

K2: -45.4743
0110
0000
0100
0100

K2: -45.1998
0110
0000
0100
1100

K2: -44.7665
0000
0010
0000
0000

K2: 36.52
0000
1010
0000
0000

K2: 35.5498
0000
0010
1000
0000

K2: -4.79905
0000
1010
1000
0000

K2: -5.76931
0000
0010
0000
1000

K2: -4.9917
0000
1010
0000
1000

K2: -5.96195
0000
0010
1000
1000

K2: -46.3108
0000
1010
1000
1000

K2: -47.281
0100
0010
0000
0000

K2: -6.57666
0100
0010
0000
1000

K2: -48.0884
0000
0010
0000
0100

K2: -4.62913
0000
1010
0000
0100

K2: -5.59938
0000
0010
1000
0100

K2: -45.9482
0000
1010
1000
0100

K2: -46.9185
0000
0010
0000
1100

K2: -4.19584
0000
1010
0000
1100

K2: -5.16609
0000
0010
1000
1100

K2: -45.5149
0000
1010
1000
1100

K2: -46.4852
0100
0010
0000
0100

K2: -47.7258
0100
0010
0000
1100

K2: -47.2925
0010
0010
0000
0000

K2: -7.64705
0010
1010
0000
0000

K2: -8.6173
0010
0010
0000
1000

K2: -49.1588
0010
1010
0000
1000

K2: -50.129
0110
0010
0000
0000

K2: -6.93923
0110
0010
0000
1000

K2: -48.451
0010
0010
0000
0100

K2: -48.7962
0010
1010
0000
0100

K2: -49.7665
0010
0010
0000
1100

K2: -48.3629
0010
1010
0000
1100

K2: -49.3332
0110
0010
0000
0100

K2: -48.0884
0110
0010
0000
1100

K2: -47.6551
0000
0000
0000
0010

K2: 36.3156
0000
1000
0000
0010

K2: -6.85152
0000
0000
1000
0010

K2: -5.00352
0000
1000
1000
0010

K2: -48.1706
0000
0000
0000
1010

K2: 35.0644
0000
1000
0000
1010

K2: -8.10273
0000
0000
1000
1010

K2: -6.25473
0000
1000
1000
1010

K2: -49.4218
0100
0000
0000
0010

K2: -6.78113
0100
0000
1000
0010

K2: -48.1002
0100
0000
0000
1010

K2: -8.03234
0100
0000
1000
1010

K2: -49.3514
0000
0000
0100
0010

K2: -1.64095
0000
1000
0100
0010

K2: -44.808
0000
0000
1100
0010

K2: -3.20767
0000
1000
1100
0010

K2: -46.3747
0000
0000
0100
1010

K2: -2.89216
0000
1000
0100
1010

K2: -46.0592
0000
0000
1100
1010

K2: -4.45887
0000
1000
1100
1010

K2: -47.626
0100
0000
0100
0010

K2: -44.7376
0100
0000
1100
0010

K2: -46.3044
0100
0000
0100
1010

K2: -45.9889
0100
0000
1100
1010

K2: -47.5556
0000
0000
0000
0110

K2: 35.5904
0000
1000
0000
0110

K2: -7.57666
0000
0000
1000
0110

K2: -5.72866
0000
1000
1000
0110

K2: -48.8957
0000
0000
0000
1110

K2: 36.8192
0000
1000
0000
1110

K2: -6.34784
0000
0000
1000
1110

K2: -4.49985
0000
1000
1000
1110

K2: -47.6669
0100
0000
0000
0110

K2: -7.50627
0100
0000
1000
0110

K2: -48.8254
0100
0000
0000
1110

K2: -6.27745
0100
0000
1000
1110

K2: -47.5965
0000
0000
0100
0110

K2: -2.36609
0000
1000
0100
0110

K2: -45.5332
0000
0000
1100
0110

K2: -3.93281
0000
1000
1100
0110

K2: -47.0999
0000
0000
0100
1110

K2: -1.13728
0000
1000
0100
1110

K2: -44.3044
0000
0000
1100
1110

K2: -2.70399
0000
1000
1100
1110

K2: -45.8711
0100
0000
0100
0110

K2: -45.4628
0100
0000
1100
0110

K2: -47.0295
0100
0000
0100
1110

K2: -44.234
0100
0000
1100
1110

K2: -45.8007
0010
0000
0000
0010

K2: -7.85152
0010
1000
0000
0010

K2: -51.0186
0010
0000
0000
1010

K2: -9.10273
0010
1000
0000
1010

K2: -52.2698
0110
0000
0000
0010

K2: -7.1437
0110
0000
0000
1010

K2: -8.39491
0010
0000
0100
0010

K2: -45.808
0010
0000
0100
1010

K2: -47.0592
0110
0000
0100
0010

K2: -45.1002
0110
0000
0100
1010

K2: -46.3514
0010
0000
0000
0110

K2: -8.57666
0010
1000
0000
0110

K2: -51.7437
0010
0000
0000
1110

K2: -7.34784
0010
1000
0000
1110

K2: -50.5149
0110
0000
0000
0110

K2: -7.86884
0110
0000
0000
1110

K2: -6.64002
0010
0000
0100
0110

K2: -46.5332
0010
0000
0100
1110

K2: -45.3044
0110
0000
0100
0110

K2: -45.8254
0110
0000
0100
1110

K2: -44.5965
0000
0010
0000
0010

K2: -4.52959
0000
1010
0000
0010

K2: -5.49985
0000
0010
1000
0010

K2: -45.8487
0000
1010
1000
0010

K2: -46.8189
0000
0010
0000
1010

K2: -5.7808
0000
1010
0000
1010

K2: -6.75105
0000
0010
1000
1010

K2: -47.0999
0000
1010
1000
1010

K2: -48.0701
0100
0010
0000
0010

K2: -47.6263
0100
0010
0000
1010

K2: -48.8775
0000
0010
0000
0110

K2: -5.25473
0000
1010
0000
0110

K2: -6.22499
0000
0010
1000
0110

K2: -46.5738
0000
1010
1000
0110

K2: -47.5441
0000
0010
0000
1110

K2: -4.02591
0000
1010
0000
1110

K2: -4.99617
0000
0010
1000
1110

K2: -45.345
0000
1010
1000
1110

K2: -46.3153
0100
0010
0000
0110

K2: -48.3514
0100
0010
0000
1110

K2: -47.1226
0010
0010
0000
0010

K2: -48.6967
0010
1010
0000
0010

K2: -49.6669
0010
0010
0000
1010

K2: -49.9479
0010
1010
0000
1010

K2: -50.9181
0110
0010
0000
0010

K2: -47.9889
0110
0010
0000
1010

K2: -49.2401
0010
0010
0000
0110

K2: -49.4218
0010
1010
0000
0110

K2: -50.3921
0010
0010
0000
1110

K2: -48.193
0010
1010
0000
1110

K2: -49.1633
0110
0010
0000
0110

K2: -48.714
0110
0010
0000
1110

K2: -47.4852
0001
0000
0000
0000

K2: 33.0461
0001
1000
0000
0000

K2: -10.121
0001
0000
1000
0000

K2: -8.27299
0001
1000
1000
0000

K2: -51.4401
0101
0000
0000
0000

K2: 34.4909
0101
0000
1000
0000

K2: -6.8282
0001
0000
0100
0000

K2: -4.91042
0001
1000
0100
0000

K2: -48.0775
0001
0000
1100
0000

K2: -6.47713
0001
1000
1100
0000

K2: -49.6442
0101
0000
0100
0000

K2: -3.46563
0101
0000
1100
0000

K2: -5.03234
0001
0000
0000
0100

K2: -8.10306
0001
0000
1000
0100

K2: -49.4221
0101
0000
0000
0100

K2: -6.65828
0101
0000
1000
0100

K2: -47.9774
0001
0000
0100
0100

K2: -46.0596
0001
0000
1100
0100

K2: -47.6263
0101
0000
0100
0100

K2: -44.6148
0101
0000
1100
0100

K2: -46.1815
0011
0000
0000
0000

K2: 32.169
0011
1000
0000
0000

K2: -10.9981
0111
0000
0000
0000

K2: 34.7018
0011
0000
0100
0000

K2: -5.78756
0111
0000
0100
0000

K2: -3.25473
0011
0000
0000
0100

K2: -8.9802
0111
0000
0000
0100

K2: -6.44738
0011
0000
0100
0100

K2: -46.9367
0111
0000
0100
0100

K2: -44.4039
0001
0010
0000
0000

K2: -7.79905
0001
1010
0000
0000

K2: -8.76931
0001
0010
1000
0000

K2: -49.1181
0001
1010
1000
0000

K2: -50.0884
0101
0010
0000
0000

K2: -6.35427
0001
0010
0000
0100

K2: -48.9482
0101
0010
0000
0100

K2: -47.5034
0011
0010
0000
0000

K2: -8.6762
0011
1010
0000
0000

K2: -9.64645
0111
0010
0000
0000

K2: -6.14337
0011
0010
0000
0100

K2: -49.8254
0111
0010
0000
0100

K2: -47.2925
0001
0000
0000
0010

K2: -8.00352
0001
1000
0000
0010

K2: -51.1706
0101
0000
0000
0010

K2: -6.55874
0001
0000
0100
0010

K2: -45.96
0101
0000
0100
0010

K2: -44.5153
0001
0000
0000
0110

K2: -8.72866
0101
0000
0000
0110

K2: -7.28388
0001
0000
0100
0110

K2: -46.6852
0101
0000
0100
0110

K2: -45.2404
0011
0000
0000
0010

K2: -8.88067
0011
1000
0000
0010

K2: -52.0478
0111
0000
0000
0010

K2: -6.34784
0011
0000
0100
0010

K2: -46.8372
0111
0000
0100
0010

K2: -44.3044
0011
0000
0000
0110

K2: -9.60581
0111
0000
0000
0110

K2: -7.07298
0011
0000
0100
0110

K2: -47.5623
0111
0000
0100
0110

K2: -45.0295
0001
0010
0000
0010

K2: -48.8487
0001
1010
0000
0010

K2: -49.8189
0101
0010
0000
0010

K2: -47.4039
0001
0010
0000
0110

K2: -49.5738
0101
0010
0000
0110

K2: -48.129
0011
0010
0000
0010

K2: -49.7258
0011
1010
0000
0010

K2: -50.6961
0111
0010
0000
0010

K2: -47.193
0011
0010
0000
0110

K2: -50.451
0111
0010
0000
0110

K2: -47.9181
0000
0001
0000
0000

K2: 33.368
0000
1001
0000
0000

K2: 34.5498
0000
0001
1000
0000

K2: -7.95106
0000
1001
1000
0000

K2: -6.76931
0000
0001
0000
1000

K2: -8.1437
0000
1001
0000
1000

K2: -6.96195
0000
0001
1000
1000

K2: -49.4628
0000
1001
1000
1000

K2: -48.281
0100
0001
0000
0000

K2: -9.72866
0100
0001
1000
0000

K2: -51.0478
0000
0001
0100
0000

K2: -4.58849
0000
1001
0100
0000

K2: -3.40674
0000
0001
1100
0000

K2: -6.1552
0000
1001
1100
0000

K2: -4.97345
0000
0001
0100
1000

K2: -46.1002
0000
1001
0100
1000

K2: -44.9185
0000
0001
1100
1000

K2: -47.6669
0000
1001
1100
1000

K2: -46.4852
0100
0001
0100
0000

K2: -47.6852
0100
0001
1100
0000

K2: -49.2519
0010
0001
0000
0000

K2: -10.7991
0010
1001
0000
0000

K2: -9.6173
0010
0001
0000
1000

K2: -52.3108
0010
1001
0000
1000

K2: -51.129
0110
0001
0000
0000

K2: -10.0912
0010
0001
0100
0000

K2: -48.7556
0110
0001
0100
0000

K2: -48.0478
0000
0011
0000
0000

K2: 34.9059
0000
1011
0000
0000

K2: 35.6839
0000
0011
1000
0000

K2: -6.41316
0000
1011
1000
0000

K2: -5.63523
0000
0011
0000
1000

K2: -6.60581
0000
1011
0000
1000

K2: -5.82787
0000
0011
1000
1000

K2: -47.9249
0000
1011
1000
1000

K2: -47.147
0100
0011
0000
0000

K2: -8.19077
0010
0011
0000
0000

K2: -9.26116
0010
1011
0000
0000

K2: -8.48322
0010
0011
0000
1000

K2: -50.7729
0010
1011
0000
1000

K2: -49.995
0110
0011
0000
0000

K2: -8.55334
0000
0001
0000
0010

K2: -7.6816
0000
1001
0000
0010

K2: -6.49985
0000
0001
1000
0010

K2: -49.0007
0000
1001
1000
0010

K2: -47.8189
0000
0001
0000
1010

K2: -8.93281
0000
1001
0000
1010

K2: -7.75105
0000
0001
1000
1010

K2: -50.2519
0000
1001
1000
1010

K2: -49.0701
0100
0001
0000
0010

K2: -50.7783
0010
0001
0000
0010

K2: -51.8487
0010
1001
0000
0010

K2: -50.6669
0010
0001
0000
1010

K2: -53.0999
0010
1001
0000
1010

K2: -51.9181
0110
0001
0000
0010

K2: -51.1409
0000
0011
0000
0010

K2: -6.1437
0000
1011
0000
0010

K2: -5.36576
0000
0011
1000
0010

K2: -47.4628
0000
1011
1000
0010

K2: -46.6849
0000
0011
0000
1010

K2: -7.39491
0000
1011
0000
1010

K2: -6.61697
0000
0011
1000
1010

K2: -48.714
0000
1011
1000
1010

K2: -47.9361
0100
0011
0000
0010

K2: -49.2404
0010
0011
0000
0010

K2: -50.3108
0010
1011
0000
0010

K2: -49.5328
0010
0011
0000
1010

K2: -51.562
0010
1011
0000
1010

K2: -50.7841
0110
0011
0000
0010

K2: -49.603
0001
0001
0000
0000

K2: -10.9511
0001
1001
0000
0000

K2: -9.76931
0001
0001
1000
0000

K2: -52.2701
0001
1001
1000
0000

K2: -51.0884
0101
0001
0000
0000

K2: -9.50627
0101
0001
1000
0000

K2: -50.8254
0001
0001
0100
0000

K2: -48.9076
0001
1001
0100
0000

K2: -47.7258
0001
0001
1100
0000

K2: -50.4743
0001
1001
1100
0000

K2: -49.2925
0101
0001
0100
0000

K2: -47.4628
0101
0001
1100
0000

K2: -49.0295
0011
0001
0000
0000

K2: -11.8282
0011
1001
0000
0000

K2: -10.6464
0111
0001
0000
0000

K2: -9.29538
0011
0001
0100
0000

K2: -49.7847
0111
0001
0100
0000

K2: -47.2519
0001
0011
0000
0000

K2: -9.41316
0001
1011
0000
0000

K2: -8.63523
0001
0011
1000
0000

K2: -50.7323
0001
1011
1000
0000

K2: -49.9543
0101
0011
0000
0000

K2: -7.96838
0011
0011
0000
0000

K2: -10.2903
0011
1011
0000
0000

K2: -9.51237
0111
0011
0000
0000

K2: -7.75748
0001
0001
0000
0010

K2: -52.0007
0001
1001
0000
0010

K2: -50.8189
0101
0001
0000
0010

K2: -50.5559
0011
0001
0000
0010

K2: -52.8778
0011
1001
0000
0010

K2: -51.6961
0111
0001
0000
0010

K2: -50.345
0001
0011
0000
0010

K2: -50.4628
0001
1011
0000
0010

K2: -49.6849
0101
0011
0000
0010

K2: -49.018
0011
0011
0000
0010

K2: -51.3399
0011
1011
0000
0010

K2: -50.562
0111
0011
0000
0010

K2: -48.8071
0000
0000
0001
0000

K2: 36.3383
0000
1000
0001
0000

K2: -6.8288
0000
0000
1001
0000

K2: 35.257
0000
1000
1001
0000

K2: -7.91009
0000
0000
0001
1000

K2: -5.17345
0000
1000
0001
1000

K2: -48.3405
0000
0000
1001
1000

K2: -6.25473
0000
1000
1001
1000

K2: -49.4218
0100
0000
0001
0000

K2: -6.75841
0100
0000
1001
0000

K2: -7.8397
0100
0000
0001
1000

K2: -48.2701
0100
0000
1001
1000

K2: -49.3514
0000
0000
0101
0000

K2: 37.842
0000
1000
0101
0000

K2: -5.32512
0000
0000
1101
0000

K2: 37.5968
0000
1000
1101
0000

K2: -5.57024
0000
0000
0101
1000

K2: -3.66977
0000
1000
0101
1000

K2: -46.8369
0000
0000
1101
1000

K2: -3.91488
0000
1000
1101
1000

K2: -47.082
0100
0000
0101
0000

K2: -5.25473
0100
0000
1101
0000

K2: -5.49985
0100
0000
0101
1000

K2: -46.7665
0100
0000
1101
1000

K2: -47.0116
0000
0000
0001
0100

K2: -4.81088
0000
1000
0001
0100

K2: -47.978
0000
0000
1001
0100

K2: -5.89216
0000
1000
1001
0100

K2: -49.0592
0000
0000
0001
1100

K2: -4.37759
0000
1000
0001
1100

K2: -47.5447
0000
0000
1001
1100

K2: -5.45887
0000
1000
1001
1100

K2: -48.626
0100
0000
0001
0100

K2: -47.9076
0100
0000
1001
0100

K2: -48.9889
0100
0000
0001
1100

K2: -47.4743
0100
0000
1001
1100

K2: -48.5556
0000
0000
0101
0100

K2: -3.3072
0000
1000
0101
0100

K2: -46.4743
0000
0000
1101
0100

K2: -3.55231
0000
1000
1101
0100

K2: -46.7194
0000
0000
0101
1100

K2: -2.87391
0000
1000
0101
1100

K2: -46.041
0000
0000
1101
1100

K2: -3.11902
0000
1000
1101
1100

K2: -46.2861
0100
0000
0101
0100

K2: -46.4039
0100
0000
1101
0100

K2: -46.649
0100
0000
0101
1100

K2: -45.9706
0100
0000
1101
1100

K2: -46.2157
0010
0000
0001
0000

K2: -7.8288
0010
1000
0001
0000

K2: -50.9959
0110
0000
0001
0000

K2: -7.12098
0010
0000
0101
0000

K2: -6.32512
0110
0000
0101
0000

K2: -5.6173
0010
0000
0001
0100

K2: -48.978
0110
0000
0001
0100

K2: -48.2701
0010
0000
0101
0100

K2: -47.4743
0110
0000
0101
0100

K2: -46.7665
0000
0010
0001
0000

K2: -4.50687
0000
1010
0001
0000

K2: -5.47713
0000
0010
1001
0000

K2: -5.58816
0000
1010
1001
0000

K2: -6.55841
0000
0010
0001
1000

K2: -46.0186
0000
1010
0001
1000

K2: -46.9889
0000
0010
1001
1000

K2: -47.0999
0000
1010
1001
1000

K2: -48.0701
0100
0010
0001
0000

K2: -47.6036
0010
0010
0001
0000

K2: -48.674
0010
1010
0001
0000

K2: -49.6442
0110
0010
0001
0000

K2: -47.9661
0001
0000
0001
0000

K2: -7.9808
0001
1000
0001
0000

K2: -51.1479
0001
0000
1001
0000

K2: -9.06209
0001
1000
1001
0000

K2: -52.2292
0101
0000
0001
0000

K2: -6.53602
0101
0000
1001
0000

K2: -7.6173
0001
0000
0101
0000

K2: -6.47713
0001
1000
0101
0000

K2: -49.6442
0001
0000
1101
0000

K2: -6.72224
0001
1000
1101
0000

K2: -49.8893
0101
0000
0101
0000

K2: -5.03234
0101
0000
1101
0000

K2: -5.27745
0001
0000
0001
0100

K2: -49.13
0001
0000
1001
0100

K2: -50.2113
0101
0000
0001
0100

K2: -47.6852
0101
0000
1001
0100

K2: -48.7665
0001
0000
0101
0100

K2: -47.6263
0001
0000
1101
0100

K2: -47.8714
0101
0000
0101
0100

K2: -46.1815
0101
0000
1101
0100

K2: -46.4266
0011
0000
0001
0000

K2: -8.85795
0011
1000
0001
0000

K2: -52.025
0111
0000
0001
0000

K2: -6.32512
0011
0000
0101
0000

K2: -7.35427
0111
0000
0101
0000

K2: -4.82144
0011
0000
0001
0100

K2: -50.0071
0111
0000
0001
0100

K2: -47.4743
0011
0000
0101
0100

K2: -48.5034
0111
0000
0101
0100

K2: -45.9706
0001
0010
0001
0000

K2: -48.826
0001
1010
0001
0000

K2: -49.7962
0001
0010
1001
0000

K2: -49.9072
0001
1010
1001
0000

K2: -50.8775
0101
0010
0001
0000

K2: -47.3812
0011
0010
0001
0000

K2: -49.7031
0011
1010
0001
0000

K2: -50.6734
0111
0010
0001
0000

K2: -47.1703
0000
0001
0001
0000

K2: -7.65888
0000
1001
0001
0000

K2: -6.47713
0000
0001
1001
0000

K2: -8.74016
0000
1001
1001
0000

K2: -7.55841
0000
0001
0001
1000

K2: -49.1706
0000
1001
0001
1000

K2: -47.9889
0000
0001
1001
1000

K2: -50.2519
0000
1001
1001
1000

K2: -49.0701
0100
0001
0001
0000

K2: -50.7556
0100
0001
1001
0000

K2: -51.8369
0000
0001
0101
0000

K2: -6.1552
0000
1001
0101
0000

K2: -4.97345
0000
0001
1101
0000

K2: -6.40031
0000
1001
1101
0000

K2: -5.21856
0000
0001
0101
1000

K2: -47.6669
0000
1001
0101
1000

K2: -46.4852
0000
0001
1101
1000

K2: -47.912
0000
1001
1101
1000

K2: -46.7303
0100
0001
0101
0000

K2: -49.2519
0100
0001
1101
0000

K2: -49.497
0010
0001
0001
0000

K2: -51.826
0010
1001
0001
0000

K2: -50.6442
0110
0001
0001
0000

K2: -51.1181
0010
0001
0101
0000

K2: -50.3223
0110
0001
0101
0000

K2: -49.6145
0000
0011
0001
0000

K2: -6.12098
0000
1011
0001
0000

K2: -5.34304
0000
0011
1001
0000

K2: -7.20227
0000
1011
1001
0000

K2: -6.42433
0000
0011
0001
1000

K2: -47.6327
0000
1011
0001
1000

K2: -46.8548
0000
0011
1001
1000

K2: -48.714
0000
1011
1001
1000

K2: -47.9361
0100
0011
0001
0000

K2: -49.2177
0010
0011
0001
0000

K2: -50.2881
0010
1011
0001
0000

K2: -49.5101
0110
0011
0001
0000

K2: -49.5802
0001
0001
0001
0000

K2: -51.978
0001
1001
0001
0000

K2: -50.7962
0001
0001
1001
0000

K2: -53.0592
0001
1001
1001
0000

K2: -51.8775
0101
0001
0001
0000

K2: -50.5332
0101
0001
1001
0000

K2: -51.6145
0001
0001
0101
0000

K2: -50.4743
0001
1001
0101
0000

K2: -49.2925
0001
0001
1101
0000

K2: -50.7194
0001
1001
1101
0000

K2: -49.5376
0101
0001
0101
0000

K2: -49.0295
0101
0001
1101
0000

K2: -49.2746
0011
0001
0001
0000

K2: -52.8551
0011
1001
0001
0000

K2: -51.6734
0111
0001
0001
0000

K2: -50.3223
0011
0001
0101
0000

K2: -51.3514
0111
0001
0101
0000

K2: -48.8186
0001
0011
0001
0000

K2: -50.4401
0001
1011
0001
0000

K2: -49.6621
0001
0011
1001
0000

K2: -51.5214
0001
1011
1001
0000

K2: -50.7434
0101
0011
0001
0000

K2: -48.9953
0011
0011
0001
0000

K2: -51.3172
0011
1011
0001
0000

K2: -50.5393
0111
0011
0001
0000

K2: -48.7844
